0 
0 
0 
0 
0 
0 
0 
0 
0 
0 
0 
0 
0 
0 
0 
0 
0 
0 
0 
0 
0 
0 
0 
0 
0 
0 
0 
0 
0 
0 
0 
0 
0 
0 
0 
0 
0 
0 
0 
0 
0 
0 
0 
0 
0 
0 
0 
0 
0 
0 
0 
0 
0 
0 
0 
0 
0 
0 
0 
0 
0 
0 
2 
3 
4 
5 
0 
0 
0 
0 
0 
0 
0 
0 
0 
0 
0 
0 
0 
0 
0 
0 
0 
0 
0 
0 
0 
0 
0 
0 
0 
0 
0 
0 
0 
0 
0 
0 
0 
0 
0 
0 
0 
0 
0 
0 
0 
0 
0 
0 
0 
0 
0 
0 
0 
0 
0 
0 
0 
0 
0 
0 
0 
0 
0 
0 
1170 
633 
-918 
595 
286 
-1035 
1564 
-1615 
1738 
-943 
1000 
-1765 
-1768 
-283 
112 
655 
-1661 
631 
1958 
835 
982 
1530 
670 
1837 
645 
1026 
177 
-228 
260 
1884 
-1655 
1611 
-297 
-1422 
-624 
2025 
1499 
1766 
-1950 
-910 
217 
1284 
-1015 
-1101 
-889 
-1109 
351 
-1183 
-577 
592 
139 
194 
-1969 
-1778 
-1955 
1243 
1329 
-529 
659 
520 
-1826 
-685 
0 
0 
0 
0 
0 
0 
0 
0 
0 
0 
0 
0 
0 
0 
0 
0 
0 
0 
0 
0 
0 
0 
0 
0 
0 
0 
0 
0 
0 
0 
0 
0 
0 
0 
0 
0 
0 
0 
0 
0 
0 
0 
0 
0 
0 
0 
0 
0 
0 
0 
0 
0 
0 
0 
0 
0 
0 
0 
0 
0 
0 
0 
