CFO=6938.288438668618,STO=3
SNRdB=nan,TXPdB=-20
CFO=9354.172336683156,STO=4
SNRdB=-4.32,TXPdB=-20
packet_number=1,correct=False,payload=[25,17,0,16,128,4,19,93,1,8,192,144,252,184,36,140,102,146,156,162,21,202,66,107,116,41,105,104,9,232,104,234,142,18,76,210,143,5,218,76,2,55,119,200,9,152,69,5,17,53,131,253,214,64,123,134,1,41,4,31,29,83,193,34,211,19,79,2,138,131,35,188,157,198,194,129,199,233,86,122,111,221,35,41,18,108,159,113,132,152,169,26,10,20,233,232,16,234,128,70]
CFO=7307.599030382191,STO=7
SNRdB=1.01,TXPdB=-20
packet_number=2,correct=False,payload=[0,0,4,0,0,0,2,0,34,16,128,0,0,0,0,0,0,6,174,129,66,133,1,140,0,17,5,0,32,6,4,8,66,5,24,72,1,56,8,0,49,4,64,0,1,16,0,196,64,0,4,16,19,40,0,2,0,200,96,136,2,0,192,96,0,192,0,51,8,67,1,0,0,1,4,72,128,34,0,1,0,17,1,224,0,32,0,65,5,0,0,82,0,64,32,0,16,36,12,0]
CFO=6568.341585401427,STO=4
SNRdB=nan,TXPdB=-20
packet_number=3,correct=False,payload=[0,2,4,6,41,244,0,104,0,24,66,9,131,32,9,12,40,33,8,70,4,0,0,0,0,8,4,0,0,0,8,8,0,4,0,32,0,2,128,2,17,0,10,132,0,5,0,8,176,72,148,8,0,40,16,0,30,154,2,33,196,16,6,8,129,8,80,128,65,38,68,130,252,1,4,130,0,66,4,0,130,132,3,197,49,0,208,24,72,28,24,128,20,70,129,17,64,192,1,102]
CFO=6785.059915165443,STO=2
SNRdB=nan,TXPdB=-20
packet_number=4,correct=False,payload=[241,165,72,112,0,16,64,96,155,67,166,252,250,95,116,146,32,2,124,29,166,113,19,102,64,128,56,132,68,243,88,116,55,200,226,1,144,39,19,169,248,139,16,185,25,57,88,220,54,83,160,244,39,76,104,72,72,33,97,154,67,168,148,238,47,234,34,114,66,226,43,123,232,181,40,110,67,172,209,51,66,68,252,242,62,117,9,180,107,140,114,48,200,40,105,13,18,188,35,152]
CFO=6198.789404777257,STO=3
SNRdB=-10.72,TXPdB=-20
CFO=7182.250527647102,STO=0
SNRdB=-6.00,TXPdB=-20
packet_number=5,correct=False,payload=[0,4,8,12,19,105,5,24,239,163,217,144,4,80,204,228,194,124,43,176,207,117,21,40,16,26,3,64,16,160,92,6,182,12,40,129,8,139,78,61,33,34,226,16,17,120,66,1,222,245,135,100,42,55,147,188,72,2,24,10,0,8,1,64,160,232,88,160,10,98,4,116,24,162,201,58,166,72,218,164,20,5,4,4,146,129,68,1,200,1,129,49,164,3,176,66,43,73,8,14]
packet_number=6,correct=False,payload=[0,2,12,12,21,104,0,0,16,128,32,66,0,4,24,28,1,130,1,0,18,0,8,0,12,0,128,4,76,0,20,134,64,2,16,10,166,132,1,92,142,77,112,75,4,67,4,64,16,0,192,8,1,0,64,4,0,8,197,68,208,16,8,8,65,192,0,128,17,16,136,136,92,8,146,2,8,2,226,9,2,128,24,0,8,20,152,88,144,183,77,84,151,73,183,48,63,108,217,77]
packet_number=7,correct=False,payload=[124,84,82,222,0,4,16,24,38,208,41,165,10,3,36,136,0,62,97,160,60,0,72,4,2,8,0,128,72,2,12,80,72,64,25,0,0,1,108,0,192,16,64,16,56,17,74,65,1,41,128,1,198,40,64,69,16,4,170,64,128,9,57,2,25,24,0,58,10,150,4,228,171,4,43,162,0,0,0,160,66,235,136,194,241,132,16,0,116,8,50,98,10,65,48,195,32,1,4,65]
CFO=7394.901063376687,STO=2
SNRdB=-4.20,TXPdB=-20
CFO=7109.138389452837,STO=4
SNRdB=nan,TXPdB=-20
CFO=5878.494547660635,STO=2
SNRdB=nan,TXPdB=-20
packet_number=8,correct=False,payload=[241,82,67,112,0,16,64,96,155,67,128,56,3,128,38,0,2,6,192,0,80,148,16,5,139,8,131,0,18,80,244,64,18,132,88,145,119,1,10,80,195,42,147,36,181,35,88,41,34,62,100,4,35,84,130,0,0,165,77,20,59,70,11,181,114,1,226,85,9,48,0,1,96,0,35,15,4,80,168,155,27,2,16,2,72,34,81,166,82,89,232,2,196,176,80,18,126,165,11,0]
CFO=5739.57118340239,STO=4
SNRdB=5.00,TXPdB=-20
packet_number=9,correct=False,payload=[0,2,4,6,11,248,52,240,73,132,164,131,210,97,129,107,16,96,33,130,172,130,33,111,137,48,130,97,96,192,90,119,108,10,38,11,177,105,0,199,34,70,61,48,132,162,195,135,8,6,24,97,81,130,156,111,233,178,9,190,226,155,3,98,52,84,221,230,0,56,95,119,52,87,30,53,136,202,120,77,1,34,64,7,41,9,51,181,3,127,73,203,18,124,245,151,82,164,73,34]
CFO=7694.101875158092,STO=7
SNRdB=nan,TXPdB=-20
packet_number=10,correct=False,payload=[8,64,128,194,109,16,144,50,11,156,128,32,0,100,136,20,33,132,3,0,41,32,36,216,138,0,12,6,108,134,22,66,76,146,172,32,219,134,134,48,129,17,120,35,8,6,40,100,26,72,196,69,0,96,3,0,19,12,66,17,16,179,72,33,29,2,13,27,136,19,193,65,215,63,17,171,114,50,89,81,211,93,195,244,137,72,208,18,54,84,142,130,62,128,124,128,144,0,1,0]
packet_number=11,correct=False,payload=[170,124,84,82,220,0,8,16,24,39,161,138,138,146,46,177,200,64,8,0,20,32,128,6,224,177,0,130,67,152,16,33,161,0,176,29,65,6,96,164,80,0,37,70,61,2,28,56,0,16,0,12,32,20,0,1,98,192,64,144,24,12,145,0,33,0,68,8,64,64,192,20,32,48,0,72,1,4,48,192,105,114,128,65,65,12,17,132,80,96,96,33,32,10,164,32,0,0,81,177]
CFO=7127.836770727091,STO=2
SNRdB=nan,TXPdB=-20
packet_number=12,correct=False,payload=[0,0,8,12,19,104,3,38,4,132,142,23,224,32,88,69,116,29,97,118,99,137,106,62,146,64,208,130,81,20,144,57,149,146,123,74,66,5,40,31,48,0,102,96,28,74,32,98,8,128,132,36,8,107,104,104,2,40,132,147,64,17,186,0,195,208,68,134,13,5,16,169,197,160,222,201,96,82,180,45,188,98,137,74,233,146,148,80,43,33,101,58,199,7,137,6,98,68,234,208]
CFO=6668.043396925322,STO=5
SNRdB=-0.42,TXPdB=-20
packet_number=13,correct=False,payload=[0,40,68,68,56,0,68,129,80,64,108,66,244,154,16,130,40,4,89,0,34,90,161,176,194,254,9,136,120,48,177,33,161,140,196,16,67,214,2,36,41,248,76,164,59,27,224,4,32,230,46,241,200,32,104,72,96,15,138,134,102,105,192,161,80,0,1,2,178,108,63,22,10,13,164,72,224,8,2,4,210,101,6,130,68,0,134,22,90,33,32,65,141,8,16,134,1,25,132,47]
CFO=8304.592843040586,STO=6
SNRdB=-8.88,TXPdB=-20
CFO=9349.556950467648,STO=0
SNRdB=nan,TXPdB=-20
packet_number=14,correct=False,payload=[2,0,2,0,32,0,0,0,0,0,32,128,32,24,2,0,0,0,144,177,0,36,16,8,0,0,2,18,69,130,32,64,178,65,96,128,128,16,234,0,136,3,65,34,8,32,4,0,0,36,1,162,69,149,228,0,0,0,8,0,0,0,0,17,40,64,67,34,0,24,128,10,32,133,72,36,122,0,128,72,17,50,67,224,84,73,82,162,0,5,18,139,16,32,0,4,8,8,128,66]
CFO=6063.0032217171565,STO=7
SNRdB=nan,TXPdB=-20
packet_number=15,correct=False,payload=[0,2,4,12,19,112,0,98,3,4,0,80,115,212,33,132,199,105,192,144,183,20,6,18,64,2,160,176,52,131,64,24,0,0,0,3,144,130,72,32,1,4,0,0,96,6,137,0,33,152,10,202,0,136,23,184,84,135,0,37,203,56,133,19,243,204,113,72,83,6,159,37,200,77,147,60,55,221,33,131,12,89,183,136,14,50,199,242,185,208,66,17,5,17,8,164,169,138,97,0]
packet_number=16,correct=False,payload=[0,0,52,188,209,214,0,118,65,192,128,9,98,194,94,240,84,245,130,44,45,17,12,0,138,25,179,68,38,87,246,17,134,83,76,50,193,149,164,244,20,156,194,247,23,191,124,58,2,97,242,6,56,7,16,45,72,60,194,16,68,81,2,62,18,29,142,186,232,96,84,149,238,66,66,160,128,76,16,37,240,202,212,133,99,32,163,138,143,1,20,64,40,103,44,69,159,204,43,200]
CFO=5845.568977283286,STO=6
SNRdB=nan,TXPdB=-20
CFO=10294.588393717595,STO=3
SNRdB=nan,TXPdB=-20
packet_number=17,correct=False,payload=[172,32,0,0,129,32,193,2,0,0,20,219,0,20,37,85,213,158,0,8,105,34,112,8,0,68,10,73,37,115,38,10,4,112,66,29,32,49,64,24,32,1,88,0,160,93,0,66,104,3,64,32,9,129,64,55,17,58,56,75,149,12,86,36,193,49,48,5,137,41,11,162,8,5,4,1,128,148,33,6,7,1,16,0,1,65,2,160,6,160,32,57,0,10,68,112,0,16,138,129]
packet_number=18,correct=False,payload=[0,2,4,97,0,34,178,43,226,16,1,66,117,201,180,206,168,151,99,2,124,191,29,254,96,104,64,24,0,120,229,66,9,109,220,23,48,19,193,67,18,198,7,144,130,58,69,11,30,161,194,159,214,17,8,37,182,75,22,188,65,131,6,98,24,136,21,101,16,50,149,154,199,248,208,90,199,6,124,219,227,80,32,204,78,12,188,248,208,141,48,3,13,193,139,92,1,93,71,183]
CFO=-1603.8972868649787,STO=5
SNRdB=0.11,TXPdB=-20
CFO=6878.209715210801,STO=6
SNRdB=-4.29,TXPdB=-20
packet_number=19,correct=False,payload=[158,47,32,183,0,0,0,6,9,180,0,192,0,68,4,0,199,164,49,1,17,147,100,65,28,114,10,142,17,3,0,185,1,104,132,212,0,0,24,66,20,0,48,187,68,20,139,192,16,171,70,32,6,5,65,4,3,132,94,152,32,100,0,0,33,24,192,4,16,16,40,172,100,35,23,113,17,128,18,240,128,160,0,32,61,48,112,22,9,34,44,17,8,64,111,163,24,66,120,80]
packet_number=20,correct=False,payload=[253,250,220,0,12,24,24,111,241,166,177,58,165,97,172,13,72,254,148,214,58,254,219,253,124,221,199,117,124,170,253,111,169,43,211,198,213,165,223,119,92,102,179,23,17,47,121,231,183,49,222,227,106,61,246,197,114,174,148,175,223,189,217,251,224,101,170,182,41,221,251,229,196,229,115,151,234,225,63,214,111,38,235,178,76,116,179,121,216,58,111,50,93,210,169,185,213,204,232,248]
CFO=10027.770720318249,STO=4
SNRdB=nan,TXPdB=-20
packet_number=21,correct=False,payload=[192,0,65,5,168,36,17,177,0,9,97,202,88,4,93,35,104,4,164,194,16,10,66,13,0,9,2,210,162,144,0,80,64,8,138,162,163,8,52,34,9,2,9,98,36,80,44,240,69,167,250,129,160,59,16,30,25,1,4,34,16,236,22,37,148,54,160,80,163,24,0,184,161,40,28,200,80,125,87,16,161,83,54,128,23,64,8,130,19,160,176,42,46,188,252,165,240,18,174,89]
CFO=8667.009022781882,STO=0
SNRdB=nan,TXPdB=-20
packet_number=22,correct=False,payload=[233,110,0,4,8,12,19,96,160,0,12,194,224,70,72,175,229,40,22,57,224,23,186,246,200,118,80,194,91,191,41,225,122,148,188,16,36,190,33,6,46,72,180,92,245,18,176,139,132,166,140,8,77,206,3,147,148,92,70,120,135,0,6,25,40,91,68,165,93,32,121,78,16,121,122,182,108,70,128,17,169,6,8,150,209,120,3,96,75,74,216,252,4,67,131,71,14,20,192,0]
CFO=6096.008386057461,STO=4
SNRdB=-0.56,TXPdB=-20
packet_number=23,correct=False,payload=[0,4,8,12,19,208,16,2,0,196,48,29,29,0,176,129,213,160,0,69,69,6,168,1,16,0,16,192,7,192,22,104,128,0,177,232,138,19,130,82,49,213,0,10,64,180,133,1,0,78,1,52,48,0,28,96,100,0,0,81,1,0,4,1,140,130,0,44,128,5,129,120,0,68,9,4,40,133,4,2,128,64,16,16,8,34,0,17,128,4,0,0,0,128,34,128,32,0,0,48]
CFO=9314.388736059673,STO=3
SNRdB=nan,TXPdB=-20
CFO=6527.2842328090555,STO=7
SNRdB=nan,TXPdB=-20
packet_number=24,correct=False,payload=[0,6,8,15,104,1,0,21,2,0,0,0,33,17,16,0,128,96,2,194,2,104,8,132,1,176,60,96,74,216,18,160,66,160,14,15,8,136,30,34,90,128,24,136,53,0,1,8,95,148,118,98,0,209,42,22,40,28,169,0,141,177,6,154,160,204,32,8,4,224,32,4,72,202,5,101,4,20,17,32,1,144,3,241,178,65,31,130,129,146,9,217,18,2,150,162,48,144,2,96]
packet_number=25,correct=False,payload=[132,28,128,0,8,8,16,12,21,28,20,8,100,128,52,0,72,0,16,146,176,170,20,120,2,75,138,76,157,171,183,218,21,129,60,96,4,1,72,0,22,15,86,89,11,112,192,152,81,64,96,129,142,76,132,16,134,16,65,192,5,222,0,10,7,79,203,31,219,0,52,128,16,54,123,56,240,140,70,41,19,144,152,198,45,53,88,135,225,105,138,233,74,50,2,84,14,110,136,12]
CFO=9032.839917930083,STO=6
SNRdB=-4.13,TXPdB=-20
packet_number=26,correct=False,payload=[64,2,32,224,2,32,0,73,17,146,16,134,34,102,192,149,115,161,38,96,4,168,9,144,145,44,36,88,167,32,180,9,35,38,56,9,170,53,3,152,88,43,17,62,192,119,1,69,76,158,132,184,2,196,10,42,9,0,164,12,6,139,70,22,90,1,209,154,21,5,16,16,100,176,100,194,36,6,39,17,166,212,134,130,208,136,152,92,118,66,9,2,72,69,66,97,6,200,152,37]
CFO=6251.901965696513,STO=0
SNRdB=nan,TXPdB=-20
packet_number=27,correct=False,payload=[66,84,1,0,24,8,20,64,32,10,146,104,2,12,18,92,192,0,136,0,8,32,16,4,4,0,64,0,0,98,105,0,2,32,0,0,0,18,128,3,137,8,0,228,225,134,85,8,194,0,130,107,22,160,0,38,0,1,1,228,132,79,64,96,6,194,2,82,69,45,155,76,136,162,192,12,4,7,16,64,2,96,0,81,132,193,15,196,25,240,10,1,198,186,203,0,192,2,11,173]
packet_number=28,correct=False,payload=[20,144,5,0,200,0,161,86,71,80,15,91,231,45,64,12,88,30,132,112,150,204,179,16,141,222,249,13,45,9,44,177,76,43,112,22,82,163,12,218,72,1,177,9,175,85,129,92,1,65,197,193,91,210,5,55,34,123,67,56,234,148,63,12,2,240,61,8,149,243,153,114,33,70,45,166,246,30,143,94,65,204,2,25,192,110,180,144,178,177,66,71,211,15,19,113,165,114,220,233]
CFO=5919.438964099663,STO=5
SNRdB=2.40,TXPdB=-20
CFO=7824.133017190311,STO=4
SNRdB=nan,TXPdB=-20
packet_number=29,correct=False,payload=[0,1,2,6,9,180,42,1,10,215,35,150,193,69,204,170,0,6,0,40,202,0,22,0,8,105,200,202,64,35,23,2,2,224,38,3,48,8,1,2,52,4,132,0,68,0,205,164,70,168,0,12,17,1,0,0,12,32,133,64,10,5,216,136,100,8,128,0,65,48,64,184,2,2,4,3,128,5,77,188,26,64,4,6,27,76,249,225,34,65,39,10,40,64,0,228,88,152,64,8]
CFO=6710.402064983616,STO=4
SNRdB=3.44,TXPdB=-20
packet_number=30,correct=False,payload=[0,2,4,4,19,104,168,172,33,6,85,15,128,238,16,2,193,196,2,73,19,34,122,208,77,85,18,135,135,10,15,153,90,88,172,132,46,66,176,164,105,115,16,12,5,128,2,88,37,143,226,15,8,17,7,171,236,17,241,112,137,63,249,161,242,173,50,98,138,201,147,137,198,72,13,192,208,138,161,128,234,30,136,100,9,105,16,218,99,31,176,15,158,6,158,9,234,166,78,2]
CFO=8001.076668204605,STO=1
SNRdB=-5.35,TXPdB=-20
packet_number=31,correct=False,payload=[128,96,0,0,160,8,0,0,0,0,72,1,48,66,33,0,1,38,20,32,10,128,4,2,128,0,64,2,0,64,8,16,3,129,20,132,77,175,46,50,117,15,28,202,134,28,100,80,8,80,32,114,194,144,128,144,0,213,4,164,1,100,16,0,192,8,0,0,25,1,0,132,17,128,0,0,80,192,8,132,0,64,4,0,128,40,0,5,8,3,96,8,8,0,2,64,149,8,8,96]
CFO=8740.052784432151,STO=2
SNRdB=nan,TXPdB=-20
packet_number=32,correct=False,payload=[0,32,64,96,150,128,0,0,0,18,228,164,0,0,0,76,4,19,176,1,224,82,8,22,128,58,0,76,1,3,0,160,24,129,8,80,16,0,32,160,19,32,41,33,4,5,8,3,144,3,139,184,97,1,8,7,16,34,162,192,32,101,8,40,39,149,32,116,176,136,128,35,134,128,41,114,21,160,149,19,160,4,5,16,113,136,0,33,32,168,66,44,12,9,14,17,32,41,72,40]
CFO=6233.201185530827,STO=0
SNRdB=nan,TXPdB=-20
CFO=6408.108956986573,STO=7
SNRdB=4.75,TXPdB=-20
packet_number=33,correct=False,payload=[0,2,8,12,19,118,0,193,24,99,17,20,0,18,238,122,36,78,99,224,169,10,70,2,24,129,224,7,164,129,203,125,4,131,35,72,50,88,181,90,227,122,192,99,131,6,178,96,129,169,54,213,16,206,130,60,69,71,167,80,106,68,178,233,49,180,1,44,0,234,107,236,11,169,135,39,39,15,124,120,15,40,240,35,132,132,251,222,126,64,17,8,128,104,34,146,78,10,82,189]
packet_number=34,correct=False,payload=[0,2,4,6,27,104,198,4,7,160,52,10,52,64,0,0,0,49,64,128,6,80,34,0,1,1,69,36,244,135,4,65,10,0,129,184,130,97,205,82,17,36,210,24,173,7,56,0,0,128,128,80,38,52,10,150,8,52,0,36,0,108,22,160,64,8,8,16,192,68,64,8,0,14,138,64,161,137,129,67,0,57,152,100,30,24,58,32,104,1,0,40,40,0,16,2,0,0,128,192]
CFO=7457.05439140937,STO=4
SNRdB=nan,TXPdB=-20
packet_number=35,correct=False,payload=[0,129,3,4,218,0,50,184,132,128,144,130,72,32,20,72,32,0,0,128,36,0,200,32,52,75,0,0,0,33,248,0,16,0,32,0,2,6,130,128,17,160,41,1,44,1,17,67,10,24,177,64,3,3,0,40,24,4,12,166,24,0,2,2,70,2,2,0,0,0,46,205,1,10,16,130,128,8,50,17,128,1,32,2,0,36,34,96,205,15,0,130,1,66,34,56,6,138,48,96]
CFO=8709.056897061617,STO=6
SNRdB=nan,TXPdB=-20
packet_number=36,correct=False,payload=[0,2,4,12,19,107,32,81,34,144,88,211,216,37,21,136,0,36,196,9,3,73,233,141,121,25,75,38,172,172,17,157,111,242,246,137,144,96,56,67,68,0,127,79,102,132,18,176,99,32,34,34,65,241,208,207,200,201,129,19,1,135,64,34,86,135,48,161,192,192,68,2,50,34,82,209,109,195,14,86,5,10,62,192,49,97,90,162,2,0,170,228,90,161,49,136,8,228,42,227]
CFO=9182.788231387398,STO=4
SNRdB=-2.28,TXPdB=-20
packet_number=37,correct=False,payload=[0,0,48,133,4,167,5,5,0,8,6,50,33,8,80,60,6,227,112,132,4,42,0,163,71,184,38,16,145,213,37,67,66,16,168,167,1,109,50,152,153,150,96,64,14,81,45,32,79,4,116,184,3,12,81,8,135,107,22,242,114,192,132,98,192,49,88,16,35,216,33,6,132,2,66,195,81,4,124,9,0,5,193,2,134,1,11,6,194,2,16,24,68,129,218,8,1,64,41,3]
CFO=7512.221885901594,STO=7
SNRdB=nan,TXPdB=-20
packet_number=38,correct=False,payload=[0,0,0,0,0,0,0,1,129,0,128,8,32,1,48,193,0,128,13,136,4,0,0,32,4,0,0,34,17,1,0,0,0,0,40,0,64,4,0,0,8,0,0,0,2,0,0,64,0,132,136,64,0,6,65,128,0,0,4,1,2,0,138,0,0,0,129,0,0,0,0,16,64,0,0,0,16,16,8,1,0,0,96,0,88,0,16,0,2,5,8,99,128,130,8,1,131,114,132,14]
packet_number=39,correct=False,payload=[0,3,4,6,9,164,80,46,169,138,114,154,2,135,64,136,249,224,149,162,216,109,64,64,129,25,4,209,237,186,91,52,8,0,128,74,8,160,136,12,0,45,170,2,9,0,66,64,1,48,85,17,88,18,9,43,24,20,228,64,9,65,96,0,1,8,98,69,52,209,144,32,4,16,192,192,16,25,192,48,150,16,181,184,12,64,146,190,210,210,144,1,0,2,212,144,64,35,6,18]
CFO=5063.8499667331125,STO=6
SNRdB=1.86,TXPdB=-20
packet_number=40,correct=False,payload=[0,65,1,130,111,32,0,0,68,66,40,0,115,84,199,229,162,84,100,2,4,98,77,9,5,65,24,76,4,114,13,196,89,1,16,97,1,64,18,194,6,129,136,72,8,144,136,8,0,66,24,6,192,1,76,128,4,176,160,2,9,8,16,66,176,104,0,30,5,106,68,64,66,32,133,97,5,160,136,1,0,48,129,128,74,18,85,64,5,48,128,132,36,2,132,5,5,0,40,0]
CFO=6252.035119259779,STO=7
SNRdB=nan,TXPdB=-20
CFO=9257.30389993548,STO=0
SNRdB=nan,TXPdB=-20
CFO=9613.351812693227,STO=7
SNRdB=nan,TXPdB=-20
packet_number=41,correct=False,payload=[0,3,4,6,19,104,206,0,36,20,104,146,56,147,78,8,154,59,3,66,4,31,185,180,83,36,9,128,223,28,8,176,178,8,44,13,16,74,1,12,7,4,129,208,251,16,40,226,96,198,2,17,201,0,132,96,82,82,203,48,12,91,177,4,72,128,81,149,3,24,137,218,106,132,224,55,60,72,172,240,76,231,234,52,156,138,196,168,72,2,40,208,171,144,4,147,36,2,4,4]
packet_number=42,correct=False,payload=[0,2,0,4,19,104,101,194,49,42,2,138,108,33,48,48,88,4,202,243,21,104,104,146,213,229,45,99,144,136,132,251,168,3,163,240,165,103,165,4,49,81,89,117,200,50,12,128,248,119,24,50,33,37,114,146,9,11,224,10,147,107,89,223,70,34,89,14,56,216,50,130,242,14,24,173,41,138,154,132,176,118,13,76,140,82,114,139,66,4,20,0,5,17,2,48,3,24,50,99]
CFO=7258.122976627857,STO=6
SNRdB=nan,TXPdB=-20
packet_number=43,correct=False,payload=[0,2,8,12,2,208,69,48,32,0,0,2,64,0,2,0,16,8,0,4,9,16,128,32,0,1,1,32,0,88,11,192,50,1,3,8,80,212,16,9,19,0,16,128,132,0,5,128,1,13,64,18,0,33,0,57,128,128,32,125,161,4,2,16,0,2,0,2,0,128,20,128,6,32,8,8,12,8,0,0,66,0,34,32,136,32,0,0,0,65,64,131,64,72,0,136,0,0,48,64]
packet_number=44,correct=False,payload=[241,132,145,66,33,32,56,128,77,180,16,10,1,64,168,65,116,120,21,17,103,66,196,24,50,86,48,49,7,57,0,35,48,192,80,64,12,228,105,55,35,169,157,32,216,70,12,120,169,183,206,40,12,74,89,142,9,50,75,241,154,185,101,8,222,191,1,36,96,9,8,192,245,145,81,47,114,214,100,228,96,5,170,54,21,159,211,136,171,137,112,162,117,77,4,0,12,152,6,0]
CFO=7805.309685131967,STO=3
SNRdB=-2.22,TXPdB=-20
CFO=7111.471631114549,STO=3
SNRdB=-2.92,TXPdB=-20
packet_number=45,correct=False,payload=[0,2,5,0,0,8,3,0,34,64,132,128,128,0,0,3,4,3,0,0,0,64,0,2,0,8,1,36,240,4,0,0,1,32,66,0,32,32,136,1,0,8,8,32,1,128,1,65,66,32,5,6,132,32,32,0,32,73,33,10,0,0,4,2,128,1,0,0,0,8,0,16,8,4,0,16,0,0,25,80,64,0,0,65,0,32,192,0,0,72,0,4,152,16,65,149,12,8,140,35]
packet_number=46,correct=False,payload=[36,65,226,0,129,228,0,8,50,72,1,20,23,101,128,132,10,0,32,28,128,0,1,37,168,72,32,0,85,17,1,17,12,41,9,140,38,2,185,81,10,8,24,40,96,41,162,4,162,222,0,64,133,8,64,96,1,12,80,153,5,65,3,96,0,242,28,28,0,43,248,48,14,17,40,230,3,207,9,29,16,35,2,41,66,9,20,88,98,195,25,36,85,84,67,230,4,96,107,78]
CFO=8222.139710143145,STO=3
SNRdB=nan,TXPdB=-20
packet_number=47,correct=False,payload=[241,210,75,112,0,16,64,48,155,64,0,5,2,7,16,23,0,128,65,64,76,144,139,192,160,152,0,136,106,72,8,2,0,136,134,145,163,218,66,100,52,12,48,64,136,9,240,125,128,160,81,161,116,113,98,16,0,0,8,0,128,1,0,24,33,20,69,4,209,48,36,0,64,65,128,88,96,1,40,2,18,24,34,132,0,63,10,4,44,37,0,75,3,4,40,16,181,40,6,200]
CFO=7538.4859386648695,STO=2
SNRdB=nan,TXPdB=-20
CFO=8337.092284636401,STO=6
SNRdB=-4.31,TXPdB=-20
packet_number=48,correct=False,payload=[124,84,210,220,0,8,16,56,38,209,188,79,24,41,110,124,4,149,14,90,83,0,28,250,98,4,196,95,73,29,190,224,143,80,40,238,104,27,84,202,16,132,149,68,64,244,212,236,144,212,2,228,66,145,19,245,5,1,16,44,82,114,173,75,80,194,75,75,24,0,1,112,131,140,40,23,108,148,4,64,207,43,140,115,130,75,37,56,14,66,65,36,8,102,16,69,14,188,124,152]
CFO=6363.133311639854,STO=5
SNRdB=3.85,TXPdB=-20
packet_number=49,correct=False,payload=[0,2,8,12,19,104,2,133,0,0,2,34,3,128,1,0,4,0,192,24,2,16,128,0,2,17,0,8,4,0,64,0,4,128,65,2,72,10,4,4,0,64,8,160,10,16,32,20,0,18,0,0,1,0,0,16,0,1,0,0,0,0,0,0,0,8,96,0,128,8,17,24,136,1,0,128,72,0,0,0,0,2,33,6,128,36,64,32,8,96,6,12,0,0,32,2,32,128,0,128]
CFO=7541.9342671640115,STO=1
SNRdB=nan,TXPdB=-20
packet_number=50,correct=False,payload=[0,2,4,4,19,104,17,0,8,148,4,28,128,0,65,128,5,34,156,24,0,8,0,0,29,94,24,0,22,87,27,75,80,105,105,20,129,2,166,110,131,65,25,133,70,16,1,64,152,28,64,32,6,134,80,183,128,90,34,160,140,144,64,112,10,88,21,4,44,16,17,8,12,16,64,128,84,17,53,129,34,48,54,66,0,160,96,26,197,19,128,0,160,211,16,17,84,32,64,101]
CFO=7270.082515920838,STO=6
SNRdB=nan,TXPdB=-20
packet_number=51,correct=False,payload=[0,2,8,12,19,104,8,4,104,196,50,81,94,186,90,39,138,203,139,2,71,235,179,152,238,246,146,13,49,190,193,149,161,200,142,65,103,50,220,179,60,71,35,113,192,154,32,192,28,176,85,150,94,173,115,34,88,52,192,18,248,99,61,6,205,100,42,192,21,152,194,128,94,113,214,237,46,8,151,69,96,150,245,100,77,229,174,192,82,46,100,105,32,214,78,3,76,56,16,157]
CFO=6270.350883876856,STO=1
SNRdB=4.14,TXPdB=-20
CFO=7451.722740644583,STO=7
SNRdB=nan,TXPdB=-20
packet_number=52,correct=False,payload=[0,2,4,12,19,104,0,0,6,70,72,48,16,161,130,18,8,0,128,164,87,0,144,70,154,162,24,4,40,33,32,0,145,236,0,2,0,132,96,68,66,2,0,34,68,8,65,176,204,1,19,0,136,48,16,18,37,64,136,67,6,61,22,144,4,1,156,140,128,32,64,162,10,34,2,8,0,0,2,0,168,193,51,4,17,11,32,2,130,32,1,64,16,36,0,66,33,72,76,144]
packet_number=53,correct=False,payload=[128,0,132,32,136,9,6,78,239,145,32,68,80,197,25,172,196,2,21,8,0,32,33,16,2,64,48,0,135,33,66,0,4,228,32,0,16,128,0,193,16,148,3,72,192,0,0,0,1,0,0,1,40,0,2,132,4,66,0,76,64,0,78,8,65,35,6,64,130,36,2,131,74,26,193,192,0,8,128,16,16,32,34,168,99,132,132,4,1,9,20,80,188,32,193,64,82,96,164,80]
CFO=7065.5697172644395,STO=3
SNRdB=nan,TXPdB=-20
CFO=8086.645481861404,STO=7
SNRdB=-3.49,TXPdB=-20
packet_number=54,correct=False,payload=[0,2,4,6,25,184,20,1,0,18,15,24,20,193,193,8,192,28,161,84,137,20,234,10,77,132,40,8,74,16,0,178,232,201,172,181,175,56,135,78,18,35,80,183,173,22,12,101,16,43,33,128,160,244,96,0,109,37,64,0,22,60,138,22,69,84,118,2,52,164,33,160,248,33,120,108,33,150,93,200,101,178,16,11,192,16,2,192,10,139,182,110,164,41,248,79,8,34,31,50]
packet_number=55,correct=False,payload=[0,0,0,0,128,194,4,2,9,32,16,0,195,16,33,16,8,2,34,75,8,0,76,32,4,144,10,0,0,161,0,96,0,8,16,50,128,128,33,64,3,10,2,2,128,1,51,19,4,66,66,112,64,162,5,32,65,16,33,1,62,158,16,60,1,249,0,38,1,27,0,196,48,232,28,140,1,4,33,8,65,1,0,8,32,0,4,193,0,0,1,4,0,10,192,1,64,0,64,0]
CFO=7824.790248335629,STO=3
SNRdB=nan,TXPdB=-20
packet_number=56,correct=False,payload=[0,2,4,6,3,234,133,0,148,88,14,197,36,0,48,130,1,8,0,0,52,0,16,0,77,128,208,16,160,32,8,50,40,0,64,162,162,85,192,0,40,16,65,98,0,53,130,68,0,164,120,32,64,0,8,32,0,176,40,8,7,169,10,11,129,142,7,80,0,9,170,0,134,2,82,8,1,2,74,120,24,0,80,136,22,16,128,16,68,161,0,0,2,74,19,0,34,20,84,46]
CFO=7595.09433850009,STO=2
SNRdB=-6.97,TXPdB=-20
CFO=7241.097980518875,STO=3
SNRdB=1.41,TXPdB=-20
packet_number=57,correct=False,payload=[84,186,220,0,32,2,138,128,0,74,42,82,3,22,44,72,69,129,250,144,9,80,18,45,237,12,9,172,10,140,200,34,140,46,193,229,180,44,71,249,98,234,177,211,216,199,65,12,176,155,146,160,183,184,120,176,83,75,148,12,4,48,104,115,136,11,32,197,4,162,0,99,193,163,133,135,3,197,130,48,242,115,105,70,16,114,18,210,47,165,202,101,247,220,110,97,94,25,27,138]
CFO=9244.636634875895,STO=6
SNRdB=nan,TXPdB=-20
packet_number=58,correct=False,payload=[16,0,64,25,128,0,0,0,4,8,10,0,32,129,80,138,108,128,66,5,17,0,17,0,161,18,82,8,36,64,40,73,178,144,56,186,0,16,8,17,1,16,4,162,16,16,4,12,70,33,196,0,17,65,0,44,53,42,164,0,32,166,128,2,138,166,64,192,38,66,72,96,4,0,98,168,53,4,100,130,202,144,72,0,40,0,2,33,32,41,1,130,145,9,0,4,154,6,6,128]
CFO=7733.797330077592,STO=4
SNRdB=nan,TXPdB=-20
packet_number=59,correct=False,payload=[0,2,8,12,19,0,64,0,8,147,136,202,7,68,64,34,42,17,49,80,70,1,96,34,0,0,0,4,0,0,101,128,16,0,1,1,160,18,24,0,0,4,132,0,64,6,16,132,14,137,16,12,4,67,66,4,129,1,1,0,2,10,0,0,65,32,133,137,4,96,32,2,0,0,19,16,218,224,18,132,160,48,16,218,32,0,90,130,0,64,0,0,33,128,0,80,22,65,0,64]
packet_number=60,correct=False,payload=[128,2,4,4,3,104,0,34,154,4,160,18,171,67,0,8,28,160,24,0,32,64,16,2,4,2,144,149,42,189,85,16,55,6,227,32,247,7,102,0,208,144,68,38,3,4,99,46,15,128,243,121,13,44,122,129,133,129,133,60,96,41,69,144,113,146,54,96,146,172,193,3,4,143,11,5,1,128,32,19,190,4,8,90,130,8,0,33,160,160,100,39,19,2,28,111,203,99,58,0]
CFO=7151.838192320878,STO=3
SNRdB=-1.35,TXPdB=-20
CFO=8698.474879476891,STO=0
SNRdB=nan,TXPdB=-20
packet_number=61,correct=False,payload=[0,0,8,12,19,104,178,129,21,164,0,25,144,152,129,156,75,80,154,100,95,132,46,66,58,120,92,4,137,60,169,208,172,179,40,149,194,168,111,124,18,22,66,100,208,69,23,192,188,36,160,8,208,4,66,0,40,45,41,106,48,206,85,245,72,25,37,134,190,128,64,193,16,10,11,136,128,0,169,9,76,23,196,72,36,137,150,200,86,33,100,80,0,22,34,36,45,140,185,0]
packet_number=62,correct=False,payload=[0,65,1,130,127,4,136,196,72,64,96,34,20,26,4,96,64,59,0,0,0,136,161,28,1,32,69,4,136,40,38,113,48,10,72,8,86,143,39,30,0,68,157,137,80,64,192,80,0,0,32,66,16,4,96,36,129,8,16,130,72,6,24,2,68,135,156,168,64,152,128,17,18,24,72,205,210,128,7,140,0,16,5,12,120,0,21,64,73,166,8,8,45,1,16,33,0,166,252,48]
CFO=6269.876601758428,STO=6
SNRdB=nan,TXPdB=-20
packet_number=63,correct=False,payload=[0,2,4,12,19,104,180,86,64,73,193,160,165,86,51,9,225,48,41,180,213,136,161,64,71,14,40,190,98,10,131,180,0,125,40,8,106,48,77,70,9,134,233,65,38,99,30,101,112,74,197,69,4,203,26,8,198,113,8,1,58,133,25,219,95,32,196,101,177,136,66,209,224,84,3,133,123,48,18,89,184,3,0,145,196,214,81,160,41,10,234,139,96,152,102,61,202,169,242,10]
CFO=8102.011024012364,STO=6
SNRdB=2.19,TXPdB=-20
packet_number=64,correct=False,payload=[0,2,4,6,19,104,0,64,12,32,5,144,40,72,87,64,154,197,210,169,164,225,16,4,7,18,185,2,114,13,222,0,225,64,68,17,49,136,102,232,0,122,171,208,169,248,197,185,132,0,140,106,57,221,152,36,153,146,223,84,2,217,212,90,64,220,81,0,130,160,104,76,64,0,58,2,65,162,2,0,33,0,106,1,2,50,106,32,8,66,17,128,80,1,190,115,16,40,18,3]
CFO=8839.000623105858,STO=7
SNRdB=nan,TXPdB=-20
packet_number=65,correct=False,payload=[0,0,0,80,64,15,0,225,19,10,178,197,68,2,128,72,98,64,16,87,0,0,18,33,16,16,8,0,4,32,9,20,0,0,0,0,32,0,192,12,2,129,0,20,8,5,8,80,8,0,136,40,101,17,2,9,32,8,0,0,0,64,4,1,21,0,1,0,0,16,0,1,64,8,5,3,8,0,145,0,0,0,112,64,64,4,0,3,136,76,2,176,144,138,61,8,36,68,0,0]
CFO=8335.97173116432,STO=0
SNRdB=nan,TXPdB=-20
CFO=6395.4657698236115,STO=4
SNRdB=0.32,TXPdB=-20
packet_number=66,correct=False,payload=[64,8,66,72,9,68,22,64,138,224,29,8,139,34,105,102,192,131,41,0,16,0,168,0,161,196,30,1,114,0,64,144,0,4,169,25,116,134,97,61,22,38,90,90,240,2,0,10,4,32,88,16,76,10,65,10,103,112,190,167,200,4,144,248,237,1,192,16,132,8,161,90,237,32,42,81,132,129,76,11,128,34,209,80,139,149,163,14,235,201,65,115,144,71,17,40,147,129,19,152]
packet_number=67,correct=False,payload=[0,2,4,4,27,104,1,32,8,197,24,132,32,17,7,68,24,16,233,196,2,64,246,4,99,17,75,92,136,103,157,204,36,238,191,88,48,97,65,27,15,207,136,8,48,182,190,20,252,97,13,103,132,44,18,35,60,0,40,139,69,168,65,76,33,5,59,14,8,8,162,193,49,190,114,53,144,168,107,93,92,136,167,193,176,40,22,14,16,20,210,32,36,32,27,205,9,24,16,131]
CFO=8026.964513688056,STO=7
SNRdB=-14.38,TXPdB=-20
packet_number=68,correct=False,payload=[0,2,4,6,9,248,192,10,6,17,68,14,130,145,51,40,6,112,6,9,19,36,1,16,19,2,160,0,32,64,69,1,80,16,68,0,0,12,80,133,0,0,74,0,1,19,3,2,12,13,0,40,84,8,4,0,128,0,82,32,8,0,36,130,74,164,12,130,18,32,36,8,18,32,32,0,33,0,2,6,1,128,0,8,67,0,0,38,0,8,0,64,9,21,0,72,32,0,133,162]
packet_number=69,correct=False,payload=[0,2,4,6,19,104,84,236,3,25,111,139,16,76,20,64,10,4,168,0,20,144,33,136,64,26,128,128,0,48,144,4,32,65,160,196,16,18,34,32,25,0,81,193,12,228,128,128,192,46,190,130,12,88,73,21,12,233,32,158,133,161,22,32,171,225,63,232,4,24,196,48,34,24,42,65,160,0,193,1,1,2,44,27,0,4,132,146,71,224,26,92,145,64,65,141,104,33,165,14]
CFO=9453.137341273186,STO=1
SNRdB=nan,TXPdB=-20
CFO=10263.630121879243,STO=6
SNRdB=1.92,TXPdB=-20
CFO=7812.497736320265,STO=4
SNRdB=nan,TXPdB=-20
packet_number=70,correct=False,payload=[0,0,8,0,11,50,84,119,70,82,66,128,212,105,68,4,128,1,3,65,148,0,0,0,8,1,10,0,2,0,0,8,98,16,64,144,101,188,32,16,144,0,2,49,0,65,101,16,132,0,33,0,16,130,21,24,64,0,2,80,36,149,160,32,9,40,192,27,0,216,42,0,40,2,1,0,0,0,65,24,240,66,42,242,130,64,8,68,13,78,48,0,9,89,208,152,132,144,5,17]
packet_number=71,correct=False,payload=[42,19,0,1,2,3,9,180,0,0,0,0,32,0,0,2,0,64,164,113,5,210,97,138,193,17,164,0,76,72,0,0,0,0,128,0,0,0,0,65,128,129,68,0,0,136,0,8,32,1,0,0,0,2,64,0,0,0,0,32,16,0,0,8,45,0,0,0,0,0,0,0,1,0,128,1,192,32,0,0,4,0,206,9,1,0,4,0,0,0,16,48,0,64,1,0,0,0,0,72]
packet_number=72,correct=False,payload=[0,2,4,12,19,104,177,4,157,69,3,17,74,28,7,65,20,7,38,13,53,173,94,160,128,84,64,162,26,82,170,48,146,55,132,32,195,70,2,128,123,98,152,70,23,35,16,122,96,66,29,0,0,33,149,192,225,202,194,15,128,158,160,5,172,126,175,112,82,155,34,130,203,73,0,238,17,161,0,32,130,0,162,9,242,55,201,38,12,69,48,174,194,5,173,162,3,8,84,133]
CFO=7466.829904055734,STO=3
SNRdB=-5.36,TXPdB=-20
CFO=7204.466837907496,STO=3
SNRdB=-1.90,TXPdB=-20
packet_number=73,correct=False,payload=[0,2,4,12,19,104,0,48,128,0,4,9,8,54,12,4,33,17,33,202,24,32,1,18,0,64,2,8,196,64,64,64,0,0,8,16,32,8,16,33,22,150,0,0,12,9,16,129,16,4,0,12,80,96,4,1,4,17,0,0,32,1,0,0,0,128,0,0,0,128,2,0,74,0,0,129,16,33,6,0,69,128,2,36,0,0,2,2,0,8,192,144,48,4,36,0,49,72,0,136]
CFO=7868.490775922192,STO=5
SNRdB=nan,TXPdB=-20
packet_number=74,correct=False,payload=[0,2,4,12,19,104,1,32,32,0,0,16,4,16,146,64,64,144,160,200,88,9,14,0,0,0,128,4,0,33,0,2,224,17,6,73,100,0,99,91,3,67,225,230,17,0,168,192,160,1,146,32,0,84,2,160,0,135,40,6,164,4,9,35,142,36,115,129,65,98,0,2,132,196,128,11,20,96,4,23,47,81,102,66,192,153,119,62,188,244,160,160,189,68,141,81,112,1,23,96]
CFO=7474.036993627353,STO=1
SNRdB=nan,TXPdB=-20
packet_number=75,correct=False,payload=[84,144,220,0,4,72,12,38,209,142,28,216,177,204,68,153,135,155,163,100,214,16,68,1,213,108,78,56,143,213,152,81,5,83,39,88,101,210,104,93,107,67,247,199,192,134,82,96,114,135,65,12,149,52,212,103,198,99,50,153,76,34,184,8,35,252,35,136,200,90,14,160,142,218,85,34,137,125,97,20,82,78,98,5,70,112,221,82,202,180,20,160,123,193,144,0,144,234,116,224]
CFO=8177.445826855636,STO=1
SNRdB=2.32,TXPdB=-20
packet_number=76,correct=False,payload=[0,2,4,6,9,56,192,32,1,2,32,1,244,218,128,134,4,0,18,1,174,102,76,26,140,132,0,144,65,0,136,20,194,12,244,4,83,20,7,66,1,6,27,32,39,1,32,4,21,128,16,25,7,14,240,1,218,68,112,1,32,0,0,128,12,10,3,20,100,0,96,160,48,18,0,5,37,3,160,74,16,50,41,121,96,65,103,192,177,32,3,4,12,8,129,192,66,46,80,48]
CFO=8634.68826462823,STO=4
SNRdB=nan,TXPdB=-20
packet_number=77,correct=False,payload=[0,2,4,6,9,40,26,2,128,0,0,112,0,0,0,0,0,0,69,128,0,0,2,128,129,200,140,3,4,64,138,3,0,85,0,0,166,230,0,94,185,45,48,34,13,120,136,36,80,0,0,49,32,2,112,32,32,12,16,0,0,0,34,2,0,4,2,16,146,215,89,33,128,16,0,1,1,0,0,0,0,0,64,2,136,69,0,1,0,24,192,16,32,128,0,1,0,4,37,32]
packet_number=78,correct=False,payload=[0,2,6,6,9,180,80,8,207,25,55,30,240,1,8,9,9,64,48,80,130,129,205,48,20,35,85,16,69,130,102,129,178,39,164,242,45,32,20,8,212,32,0,152,100,164,0,130,128,90,51,24,140,224,65,24,145,4,0,3,151,244,223,44,52,133,1,0,8,112,0,1,129,46,64,11,18,29,168,89,152,24,144,111,181,36,131,138,181,72,1,211,104,66,141,8,168,147,16,146]
CFO=7373.612835138518,STO=2
SNRdB=nan,TXPdB=-20
CFO=6638.342183643254,STO=0
SNRdB=nan,TXPdB=-20
packet_number=79,correct=False,payload=[136,8,72,109,156,219,69,68,0,76,160,3,208,71,104,155,8,1,41,48,162,0,4,120,32,41,58,81,0,134,1,0,50,7,148,16,34,21,38,201,8,128,184,13,227,111,9,228,193,76,247,192,112,226,153,37,4,131,140,236,156,167,56,226,112,4,210,77,25,142,139,128,10,4,136,172,152,81,13,138,132,90,101,165,76,129,244,117,0,184,58,106,136,156,217,136,163,214,233,136]
packet_number=80,correct=False,payload=[0,64,75,17,0,64,19,97,72,20,8,70,84,208,17,189,160,67,67,101,118,141,99,228,108,173,45,122,64,178,16,53,11,96,153,24,50,212,98,11,164,14,58,36,38,197,38,21,79,129,0,192,165,193,39,170,140,21,56,107,7,129,106,249,140,17,193,90,10,16,73,0,17,128,8,68,10,144,40,161,177,78,194,111,18,16,86,4,145,0,112,99,56,82,80,102,65,231,32,194]
CFO=6865.217237532423,STO=5
SNRdB=nan,TXPdB=-20
packet_number=81,correct=False,payload=[0,2,4,6,1,168,118,231,73,115,69,234,23,116,25,1,224,138,1,139,151,6,101,140,85,76,65,56,73,80,212,102,209,107,199,137,40,17,32,122,198,68,98,49,165,40,14,204,164,9,206,133,52,204,41,160,213,169,96,149,90,124,12,87,223,78,209,4,84,5,129,10,0,196,131,227,183,244,139,128,102,164,46,193,248,78,22,195,250,20,19,77,200,79,10,66,91,105,220,38]
CFO=8578.702055071131,STO=7
SNRdB=2.31,TXPdB=-20
CFO=7673.836933943042,STO=6
SNRdB=nan,TXPdB=-20
CFO=7041.5344756837485,STO=4
SNRdB=nan,TXPdB=-20
packet_number=82,correct=False,payload=[0,0,132,1,0,0,0,0,0,64,4,145,98,16,64,130,74,21,19,68,84,240,172,12,5,91,195,162,151,24,51,0,215,16,0,0,1,32,0,0,0,100,0,146,48,4,96,132,98,128,12,193,168,10,0,0,0,4,64,0,8,4,0,136,144,0,0,16,0,0,0,0,0,4,0,68,1,68,0,8,132,81,34,65,0,68,20,0,48,146,16,32,12,85,0,0,4,8,1,1]
packet_number=83,correct=False,payload=[0,2,4,6,19,104,9,136,134,241,144,7,46,168,160,136,138,199,129,82,196,5,48,55,83,2,80,105,162,20,40,184,12,67,84,61,0,0,118,203,96,101,18,9,1,88,30,243,66,132,132,186,211,39,80,74,76,8,122,28,28,219,45,35,232,5,2,25,51,131,225,240,137,74,99,18,60,66,34,85,168,17,56,128,160,129,201,173,109,69,162,39,89,31,60,40,28,59,194,156]
CFO=8094.066308732045,STO=0
SNRdB=-15.63,TXPdB=-20
packet_number=84,correct=False,payload=[155,45,192,0,65,1,130,98,95,136,32,153,219,178,132,243,147,195,35,200,237,12,120,16,171,116,192,69,138,154,136,101,180,181,114,125,220,105,192,112,160,17,228,62,34,116,41,169,139,146,16,112,132,118,48,40,46,49,32,136,255,118,50,197,42,48,176,198,0,141,37,164,104,18,19,18,6,64,8,112,5,35,154,0,112,47,177,127,56,36,184,83,58,148,17,177,26,141,27,16]
CFO=7197.839523376588,STO=0
SNRdB=-0.51,TXPdB=-20
CFO=9623.080253002721,STO=5
SNRdB=nan,TXPdB=-20
packet_number=85,correct=False,payload=[32,2,4,6,11,40,128,160,0,0,0,32,0,4,5,128,160,8,139,24,1,2,105,169,72,0,32,0,0,0,80,0,2,0,12,128,0,9,111,11,23,96,0,24,16,129,82,228,76,54,67,192,1,20,1,17,37,169,16,0,0,1,17,88,0,96,0,17,8,4,1,4,152,0,64,0,1,76,156,10,1,64,1,0,1,16,32,32,0,64,0,0,0,4,132,8,160,160,65,34]
CFO=8161.714256819686,STO=2
SNRdB=nan,TXPdB=-20
packet_number=86,correct=False,payload=[0,54,0,88,32,160,1,189,17,16,8,2,2,66,202,9,228,72,1,1,9,17,2,137,40,66,64,8,0,73,128,0,64,0,18,2,0,2,0,24,9,5,0,194,122,20,160,0,33,3,39,128,69,116,48,3,102,4,7,6,194,0,212,72,130,10,16,135,0,208,2,88,32,0,80,18,169,0,16,4,25,128,36,1,72,72,81,1,22,92,44,150,116,0,32,189,16,5,123,130]
CFO=9912.526447553522,STO=1
SNRdB=4.50,TXPdB=-20
packet_number=87,correct=False,payload=[0,4,8,12,19,90,40,98,76,21,2,7,127,82,209,114,118,193,90,11,227,139,16,13,98,160,71,99,89,224,8,193,172,139,34,93,185,11,247,198,197,62,34,42,11,28,120,21,133,35,26,99,3,130,104,43,70,149,61,72,241,99,14,232,136,71,1,99,68,215,32,44,7,18,108,131,103,0,113,200,64,221,32,5,81,28,45,55,11,8,220,211,51,98,65,83,145,98,128,136]
packet_number=88,correct=False,payload=[0,2,4,6,3,168,18,44,200,8,0,4,96,39,52,16,6,138,172,52,42,206,26,4,33,43,29,128,24,166,12,34,160,64,196,16,82,52,33,135,20,96,15,64,0,142,66,0,172,67,41,73,34,113,94,32,17,163,18,32,192,26,128,141,12,128,0,0,12,0,2,128,0,69,0,68,68,128,10,170,6,8,64,32,3,26,9,49,80,160,16,4,32,0,0,8,0,192,4,34]
CFO=8204.905820895994,STO=5
SNRdB=nan,TXPdB=-20
packet_number=89,correct=False,payload=[0,0,8,12,19,104,0,0,0,0,0,0,1,0,0,8,8,0,0,128,0,1,32,1,16,0,224,4,2,146,34,121,3,14,77,150,2,84,66,20,0,2,32,0,0,64,192,0,18,160,0,0,0,17,0,0,136,97,68,32,0,0,0,64,0,8,0,0,8,16,0,5,6,129,4,0,32,64,4,0,0,8,145,18,0,16,2,240,64,2,65,0,16,0,0,8,0,0,0,0]
CFO=8759.92601221937,STO=0
SNRdB=nan,TXPdB=-20
packet_number=90,correct=False,payload=[0,2,4,12,19,73,196,96,4,65,43,132,1,94,8,128,18,196,162,58,24,233,18,5,4,151,50,24,209,182,9,85,112,0,106,80,44,136,200,211,54,88,144,133,173,149,150,57,32,18,26,134,104,185,74,3,43,240,226,2,85,1,206,129,244,16,24,180,87,198,146,30,160,36,16,9,214,198,44,144,207,22,7,104,68,160,1,135,145,68,83,3,126,253,147,48,134,145,225,97]
CFO=6328.7234702609585,STO=4
SNRdB=-5.60,TXPdB=-20
packet_number=91,correct=False,payload=[0,0,80,36,0,0,146,0,80,93,11,98,226,148,99,164,66,169,80,163,70,185,68,23,142,16,85,12,92,96,162,141,8,1,28,89,204,182,1,20,134,122,36,108,19,55,87,144,34,65,163,126,2,0,103,16,14,88,61,109,91,164,10,6,180,25,192,1,246,65,14,80,1,131,117,232,20,128,10,237,146,146,71,5,8,10,142,6,62,6,13,54,60,3,59,96,0,16,36,194]
CFO=7003.663305618242,STO=1
SNRdB=nan,TXPdB=-20
packet_number=92,correct=False,payload=[0,0,0,0,1,0,16,4,4,8,2,205,100,129,65,96,25,40,0,8,0,8,6,16,136,4,32,4,0,4,4,2,18,33,8,0,160,4,0,128,0,0,2,10,1,34,194,128,0,176,17,35,24,66,0,0,65,6,8,96,4,5,0,0,32,2,34,34,120,4,92,130,192,128,64,0,81,162,160,8,1,8,0,16,64,0,0,1,97,36,4,128,8,0,64,20,0,68,0,64]
packet_number=93,correct=False,payload=[124,84,154,220,0,4,16,24,38,209,185,69,245,206,23,194,147,91,70,128,4,133,160,36,81,12,28,113,41,0,17,3,98,32,1,137,72,8,8,104,66,198,32,2,0,16,54,80,20,32,0,75,234,96,18,192,170,20,5,0,32,10,4,160,26,65,8,128,24,52,46,243,64,0,64,34,4,34,70,8,62,84,144,131,18,12,0,80,0,32,41,3,2,192,73,64,155,242,96,6]
CFO=8727.821358153786,STO=1
SNRdB=2.27,TXPdB=-20
CFO=6952.988515364788,STO=2
SNRdB=nan,TXPdB=-20
CFO=7565.062114367405,STO=5
SNRdB=nan,TXPdB=-20
packet_number=94,correct=False,payload=[0,2,4,6,19,104,0,0,0,0,1,2,0,0,0,0,0,64,9,1,0,64,4,86,163,84,13,193,20,248,157,108,196,67,24,17,136,5,144,16,4,80,8,0,0,2,24,8,0,0,0,0,4,64,0,4,72,32,132,1,20,0,0,0,0,8,104,0,44,0,0,0,2,65,0,0,0,12,5,32,0,24,24,24,148,72,4,2,16,0,0,17,8,4,64,65,112,0,144,12]
packet_number=95,correct=False,payload=[0,2,4,6,3,232,129,24,164,20,136,244,56,93,48,96,9,58,0,52,128,113,20,39,1,6,80,145,32,0,16,9,4,1,80,96,52,72,172,8,72,8,76,21,0,113,161,229,64,36,160,148,152,177,128,17,0,16,238,106,104,44,68,60,96,31,37,32,144,25,132,224,240,28,121,98,182,82,227,133,50,88,129,131,20,4,17,187,140,176,0,198,160,222,110,36,1,84,129,49]
CFO=8849.62088346807,STO=6
SNRdB=nan,TXPdB=-20
CFO=7245.675538048093,STO=3
SNRdB=nan,TXPdB=-20
packet_number=96,correct=False,payload=[0,2,4,4,19,104,136,246,17,32,0,130,20,211,119,8,97,222,32,225,67,89,112,77,77,176,4,195,78,9,29,14,67,84,0,59,228,1,50,174,164,54,2,148,0,141,241,1,90,102,146,204,45,52,143,49,2,42,34,59,140,217,2,8,2,151,199,9,68,208,168,90,210,0,32,114,109,125,76,100,86,240,73,171,84,103,154,9,32,84,66,128,0,67,66,147,32,33,139,0]
CFO=8702.269427189114,STO=7
SNRdB=nan,TXPdB=-20
packet_number=97,correct=False,payload=[0,1,1,130,105,0,4,0,24,176,4,8,1,129,18,16,5,36,88,9,0,48,8,192,0,4,16,8,0,0,16,128,8,64,32,3,19,156,129,0,72,32,68,128,45,8,0,144,0,66,37,33,0,130,128,0,0,0,2,0,17,128,129,0,0,80,0,8,64,0,0,64,4,0,0,16,0,202,1,0,0,0,70,201,0,72,4,32,0,64,66,0,2,0,0,32,0,0,160,0]
CFO=7311.9783130155,STO=6
SNRdB=nan,TXPdB=-20
packet_number=98,correct=False,payload=[0,4,72,16,4,134,130,64,0,148,10,32,5,70,176,232,100,42,170,31,160,138,17,52,60,115,53,35,54,28,16,30,33,16,12,32,76,130,80,33,164,80,201,112,14,220,82,132,90,2,52,19,208,132,0,132,16,4,0,149,41,32,12,67,4,0,12,0,4,89,1,48,64,104,181,64,16,5,147,50,45,163,47,160,2,60,138,25,77,85,236,6,128,137,80,51,177,224,217,88]
packet_number=99,correct=False,payload=[0,10,1,201,224,18,8,19,125,128,90,232,68,210,76,222,108,160,180,106,12,0,152,7,41,174,191,120,46,115,202,68,0,28,169,33,70,47,1,107,42,64,132,19,176,197,138,236,106,36,5,216,229,4,132,204,255,21,118,115,100,82,230,3,23,54,129,200,195,0,27,18,67,23,88,20,23,241,32,44,153,20,204,177,171,180,50,78,64,104,57,17,5,205,162,236,73,91,223,16]
packet_number=100,correct=False,payload=[0,2,8,12,19,105,66,0,40,8,128,128,48,14,11,8,17,167,66,162,24,31,106,24,66,245,120,81,136,97,8,130,2,74,83,24,37,224,8,164,8,46,72,32,96,20,214,0,16,0,65,192,0,132,107,18,1,80,73,146,115,1,112,129,194,69,210,66,16,2,33,20,173,154,72,65,137,16,80,2,2,64,32,12,129,129,24,1,2,0,9,128,232,1,6,40,0,0,65,4]
CFO=7771.799782940063,STO=5
SNRdB=nan,TXPdB=-20
packet_number=101,correct=False,payload=[0,65,1,130,122,0,192,55,36,149,66,74,25,165,53,118,110,8,160,150,1,28,136,252,254,197,4,39,48,230,180,176,80,206,14,233,172,32,142,164,70,122,96,194,52,90,126,122,204,210,108,209,212,98,8,72,28,32,216,32,252,128,17,194,134,40,12,31,80,147,65,32,48,160,73,16,1,169,175,133,132,72,201,67,9,33,80,16,250,64,231,8,22,88,170,82,204,74,3,5]
CFO=5736.319999485765,STO=3
SNRdB=-3.31,TXPdB=-20
CFO=7460.2189134313285,STO=3
SNRdB=-1.11,TXPdB=-20
packet_number=102,correct=False,payload=[124,88,82,220,0,12,17,0,96,0,128,16,128,2,0,16,67,11,136,35,0,36,84,168,136,132,130,0,128,65,64,103,197,193,56,194,146,1,0,130,132,68,9,137,0,10,2,0,150,16,2,6,0,70,16,13,66,16,184,44,0,4,0,2,18,32,4,2,8,3,130,136,68,16,33,13,8,152,6,74,113,196,114,0,0,130,80,160,130,16,1,6,192,0,128,137,131,4,0,68]
CFO=8695.238994106421,STO=0
SNRdB=nan,TXPdB=-20
CFO=9116.807638133638,STO=6
SNRdB=nan,TXPdB=-20
packet_number=103,correct=False,payload=[170,120,238,129,78,4,192,48,1,160,100,136,32,129,34,8,1,25,193,161,66,16,2,0,147,1,10,0,137,76,96,0,144,88,132,32,66,132,36,1,200,80,64,128,216,0,80,145,1,120,41,18,112,4,2,129,16,64,70,0,7,4,37,130,28,82,75,144,96,84,0,0,0,152,40,64,1,48,132,9,1,136,6,233,14,25,201,25,146,4,131,0,130,128,0,32,136,91,0,138]
CFO=5443.565856882834,STO=4
SNRdB=5.56,TXPdB=-20
packet_number=104,correct=False,payload=[0,0,0,12,19,104,105,72,67,0,65,25,160,72,251,98,178,54,133,70,133,165,50,37,56,204,126,100,27,40,132,186,152,109,86,48,146,224,195,143,217,92,220,70,26,98,92,225,92,244,64,168,2,144,8,164,86,11,2,23,201,19,144,175,50,126,68,79,148,1,225,66,161,232,144,211,154,218,222,151,221,0,194,5,0,88,196,66,214,106,194,116,228,43,128,49,136,70,105,15]
CFO=6808.8681545513255,STO=7
packet_number=105,correct=False,payload=[0,2,4,70,9,180,1,72,0,137,72,0,65,194,40,12,20,18,128,201,32,50,74,130,91,116,9,33,68,178,5,74,132,6,48,67,128,23,1,34,36,0,32,128,161,0,0,12,8,0,41,38,147,97,21,114,176,160,2,193,76,166,8,7,0,16,32,34,152,1,77,89,130,36,189,0,5,106,8,0,96,0,44,16,64,40,3,2,1,128,130,0,16,33,164,16,4,56,168,56]
SNRdB=nan,TXPdB=-20
packet_number=106,correct=False,payload=[0,1,4,6,9,188,0,32,138,48,8,6,2,200,41,34,64,149,162,4,68,149,56,155,90,1,64,200,44,19,40,1,108,41,201,136,218,164,5,64,232,42,35,3,25,0,34,76,42,32,68,8,76,0,8,8,128,34,4,16,144,9,0,78,96,101,73,24,16,34,64,0,16,0,0,156,105,1,32,136,48,176,0,44,247,184,219,172,22,243,24,147,12,209,130,28,106,10,96,132]
CFO=7590.265030658755,STO=6
SNRdB=nan,TXPdB=-20
packet_number=107,correct=False,payload=[192,0,65,1,130,109,26,139,183,154,133,106,16,200,176,13,60,146,134,176,20,32,210,82,48,4,64,100,68,16,10,46,53,1,20,128,4,146,134,9,71,180,0,133,34,145,66,61,85,22,196,24,33,138,132,49,115,18,209,53,109,22,208,32,174,156,44,134,32,188,3,66,39,170,32,168,154,248,3,67,116,8,17,32,122,33,123,77,242,157,89,20,35,28,10,20,30,156,8,36]
CFO=7625.486658975184,STO=4
SNRdB=-5.05,TXPdB=-20
packet_number=108,correct=False,payload=[0,32,64,32,155,68,57,3,12,2,130,48,194,124,1,28,231,79,136,167,8,48,155,128,79,195,155,162,76,160,42,38,161,190,118,132,23,136,74,193,238,129,135,141,109,17,89,87,232,102,213,101,26,26,51,230,207,173,33,62,24,0,72,141,177,116,89,50,45,19,49,34,37,255,73,14,69,35,61,41,110,70,20,237,40,5,144,64,34,192,145,34,8,1,140,46,32,16,164,16]
CFO=6717.97841975933,STO=1
SNRdB=nan,TXPdB=-20
CFO=9765.114417338795,STO=6
SNRdB=nan,TXPdB=-20
packet_number=109,correct=False,payload=[0,0,64,96,146,200,0,68,4,32,72,131,65,36,32,131,2,129,34,128,84,32,0,3,170,0,4,140,36,0,32,8,10,147,128,4,128,1,0,132,128,2,144,33,8,0,132,16,22,45,74,2,1,68,145,4,0,52,17,42,65,10,64,20,80,1,64,1,128,136,132,5,64,136,0,2,0,16,38,26,0,0,1,52,64,128,11,48,128,129,228,64,0,32,64,129,0,0,32,6]
packet_number=110,correct=False,payload=[0,2,8,13,19,104,224,147,137,31,26,144,135,125,61,43,187,208,48,78,191,87,69,25,198,226,48,190,14,199,163,109,204,12,163,160,0,13,42,156,199,8,169,16,1,27,149,73,84,202,33,53,114,133,66,59,45,42,14,75,51,51,171,209,38,93,9,70,129,133,19,108,22,132,60,208,49,112,169,247,172,9,88,98,77,41,36,3,77,131,189,210,164,157,196,155,232,166,2,197]
CFO=5832.615072034632,STO=6
SNRdB=3.38,TXPdB=-20
packet_number=111,correct=False,payload=[0,0,4,4,19,104,4,130,48,0,37,85,160,100,0,225,195,112,24,35,64,64,16,32,193,82,132,2,160,48,72,162,144,82,128,2,35,3,64,129,228,7,44,18,160,0,48,12,32,0,65,56,166,193,136,144,44,44,17,131,0,32,77,22,156,192,32,64,32,130,14,4,0,17,32,96,0,16,48,192,15,47,240,104,17,17,5,72,11,107,226,17,192,16,132,32,64,40,64,0]
CFO=7182.906603853807,STO=7
SNRdB=nan,TXPdB=-20
packet_number=112,correct=False,payload=[0,3,4,6,19,104,0,64,0,64,2,16,1,0,16,132,0,0,128,32,32,0,48,148,48,20,200,66,68,87,0,0,24,10,0,180,0,32,5,60,46,0,0,1,193,247,64,96,128,80,8,148,52,235,89,86,148,66,193,28,4,6,0,128,160,82,0,0,192,0,1,198,64,1,3,64,21,33,148,32,129,1,64,64,10,1,8,64,128,0,164,66,65,1,0,12,161,19,0,163]
CFO=7256.989234631843,STO=0
SNRdB=nan,TXPdB=-20
packet_number=113,correct=False,payload=[0,2,4,6,32,96,224,0,214,144,32,38,82,71,64,227,100,148,1,10,16,66,131,24,1,136,0,72,64,140,0,96,53,154,1,197,192,0,65,1,64,0,180,8,40,37,144,85,189,130,101,75,248,4,130,130,8,223,102,56,67,1,97,21,200,68,204,138,148,138,158,60,144,202,132,40,69,50,77,224,21,11,90,88,1,134,113,64,188,130,132,60,38,17,134,4,131,144,66,19]
CFO=6984.796277142169,STO=6
SNRdB=-5.87,TXPdB=-20
CFO=6854.590512302919,STO=2
SNRdB=-2.31,TXPdB=-20
packet_number=114,correct=False,payload=[2,136,130,16,48,107,166,129,64,64,0,10,83,9,194,57,213,36,131,112,218,56,230,65,8,11,19,187,0,167,48,137,131,8,212,152,73,159,102,37,250,233,4,124,152,38,176,6,2,86,57,250,190,222,5,1,40,18,177,131,82,66,42,193,164,201,18,100,75,7,136,66,128,234,28,1,8,137,84,206,137,28,78,115,73,133,2,4,145,96,88,160,157,16,59,36,194,129,191,171]
packet_number=115,correct=False,payload=[0,2,4,12,19,104,145,112,8,232,130,212,32,97,160,32,2,34,12,8,37,104,52,227,9,18,5,33,176,39,193,24,17,5,128,8,0,22,20,0,8,4,67,0,16,33,16,53,138,2,212,40,96,39,28,161,0,13,0,33,68,4,68,32,191,128,160,128,157,70,8,195,140,148,17,96,146,2,10,148,33,9,9,0,129,72,0,13,136,28,8,64,68,0,102,80,40,0,32,16]
packet_number=116,correct=False,payload=[0,2,4,6,10,104,129,40,1,76,138,148,104,128,66,67,72,0,180,68,96,0,200,0,66,0,32,9,10,0,0,12,65,64,138,4,8,212,128,128,18,100,18,18,16,64,130,32,1,9,132,64,66,80,3,200,160,70,80,17,25,64,170,144,63,232,172,20,199,68,5,8,161,0,201,250,66,130,69,64,24,18,179,128,72,32,5,16,2,248,0,0,4,113,0,65,10,8,0,5]
CFO=7700.987862785079,STO=3
SNRdB=nan,TXPdB=-20
CFO=7551.329477801315,STO=5
SNRdB=nan,TXPdB=-20
packet_number=117,correct=False,payload=[193,157,7,6,15,157,108,19,153,192,98,142,84,82,0,0,86,67,164,34,64,129,164,30,48,248,74,64,2,64,128,38,49,142,50,9,65,132,2,128,128,193,32,0,40,64,26,202,6,212,5,193,100,97,54,36,129,40,163,8,28,104,191,21,144,226,156,135,1,66,242,6,49,178,135,236,80,222,152,209,1,85,34,40,3,179,16,225,108,189,87,70,220,125,201,61,98,161,239,194]
CFO=5363.428683193789,STO=5
SNRdB=-6.36,TXPdB=-20
packet_number=118,correct=False,payload=[0,2,4,12,19,104,89,153,161,192,32,4,32,15,165,152,42,161,2,169,20,129,23,20,97,1,19,1,192,12,104,68,23,247,96,170,216,162,191,95,45,64,11,30,224,146,16,128,66,150,160,128,160,106,201,0,161,0,180,44,211,17,5,70,193,128,2,204,66,34,29,10,10,68,72,151,138,64,32,199,84,133,36,190,81,104,17,15,12,188,3,160,65,205,34,72,1,142,8,18]
CFO=7168.4551767280245,STO=6
SNRdB=-1.71,TXPdB=-20
packet_number=119,correct=False,payload=[0,129,1,132,218,4,128,0,71,7,24,128,162,22,0,132,0,97,8,36,64,216,0,1,65,92,72,19,96,145,8,0,2,6,66,225,65,164,4,0,9,44,84,128,0,8,130,8,4,0,160,0,10,129,16,72,35,11,96,0,2,28,24,1,16,176,2,18,4,34,6,4,14,184,141,84,36,1,17,2,85,13,1,40,34,27,6,16,149,19,32,67,131,69,154,169,139,104,156,226]
CFO=9656.183099767593,STO=6
SNRdB=nan,TXPdB=-20
packet_number=120,correct=False,payload=[1,10,128,128,56,64,41,45,4,0,8,176,9,0,100,32,51,80,0,4,0,0,160,2,0,65,50,0,2,193,149,3,52,232,84,73,40,2,133,73,56,24,128,1,128,1,216,48,4,64,64,22,96,1,16,0,17,40,0,16,20,96,202,1,32,12,0,162,140,144,211,32,37,16,4,9,138,17,67,20,0,96,27,148,52,71,25,4,8,200,80,0,96,22,35,96,32,32,4,4]
CFO=6402.187082062087,STO=0
SNRdB=nan,TXPdB=-20
packet_number=121,correct=False,payload=[0,2,4,4,19,104,35,1,106,113,169,176,36,19,4,144,40,116,139,20,14,32,2,8,193,64,95,84,64,19,40,2,92,48,29,115,11,3,33,28,240,158,120,97,0,2,20,88,163,156,179,32,6,4,34,168,217,163,83,2,117,127,24,23,57,121,71,6,88,60,121,239,32,160,109,116,1,34,55,209,128,0,48,33,167,160,193,116,192,10,208,71,116,16,186,96,26,20,168,32]
CFO=7039.091298731208,STO=6
SNRdB=2.84,TXPdB=-20
CFO=8621.777009589448,STO=6
SNRdB=nan,TXPdB=-20
packet_number=122,correct=False,payload=[0,2,4,12,19,80,1,4,34,56,0,49,172,148,128,32,16,243,36,184,23,9,64,147,129,14,124,218,194,195,66,122,10,224,52,39,110,129,162,7,61,10,72,172,225,165,224,156,10,65,226,220,173,147,106,83,61,172,202,195,100,34,72,232,49,150,15,22,65,26,193,97,23,166,74,48,65,4,128,32,139,25,224,170,193,128,12,49,12,75,0,32,80,208,17,74,70,99,1,5]
CFO=8898.575910119238,STO=6
SNRdB=nan,TXPdB=-20
packet_number=123,correct=False,payload=[0,1,4,6,9,180,24,0,18,0,0,32,0,0,4,2,1,1,0,0,36,0,5,96,0,20,0,3,20,4,0,32,0,132,0,4,32,64,64,80,16,0,0,2,5,1,1,0,160,180,158,0,27,168,23,90,160,144,167,1,64,216,143,118,136,6,64,16,9,161,6,0,0,36,196,0,96,0,3,64,192,34,33,32,0,0,0,128,4,32,8,10,24,0,34,0,0,1,40,0]
CFO=8540.26133858927,STO=5
SNRdB=-2.02,TXPdB=-20
packet_number=124,correct=False,payload=[4,32,96,4,18,148,4,0,0,80,65,2,20,247,172,156,73,214,90,10,48,130,1,8,10,137,10,140,34,209,248,104,47,9,18,201,2,1,128,106,1,0,72,160,55,35,129,89,11,128,224,44,116,136,0,97,88,0,128,5,176,48,22,232,112,9,163,96,16,17,54,96,138,129,146,35,107,67,7,52,63,164,67,131,130,25,0,192,40,156,180,152,216,201,10,179,45,42,80,16]
packet_number=125,correct=False,payload=[0,2,4,6,9,32,130,51,76,26,40,145,212,173,246,65,16,208,227,86,52,76,192,36,28,6,10,75,204,33,54,94,4,0,220,56,115,53,146,158,195,161,176,66,4,49,38,201,218,77,186,168,186,132,5,1,1,102,20,36,44,113,130,97,2,212,40,215,137,9,244,43,140,98,135,182,40,1,50,242,152,35,129,177,10,143,210,30,146,38,30,0,48,145,80,128,8,64,43,68]
packet_number=126,correct=False,payload=[0,0,2,2,9,180,8,48,0,8,136,64,128,52,128,139,128,97,41,0,6,176,1,0,145,34,4,34,129,2,32,64,8,0,137,52,172,4,117,0,1,0,0,136,128,20,0,0,3,32,0,32,0,0,6,34,4,192,34,72,128,2,1,0,68,8,0,31,69,16,32,0,244,0,0,8,0,32,128,4,10,0,0,0,16,0,160,2,2,0,0,68,64,3,0,0,4,0,17,34]
CFO=8316.728346882606,STO=6
SNRdB=nan,TXPdB=-20
CFO=9731.06391708088,STO=7
SNRdB=nan,TXPdB=-20
packet_number=127,correct=False,payload=[0,2,4,6,9,168,10,6,8,177,177,187,15,44,148,4,75,34,145,61,218,154,146,108,116,102,222,1,88,147,129,125,244,102,237,112,68,8,23,53,132,8,233,144,2,129,72,52,7,51,152,83,5,244,74,23,225,67,2,112,87,200,39,197,40,8,8,70,148,61,1,128,215,53,205,108,241,242,158,208,128,124,22,1,4,199,240,153,83,188,101,86,65,76,161,5,21,218,127,42]
CFO=8476.291972068675,STO=4
SNRdB=0.61,TXPdB=-20
packet_number=128,correct=False,payload=[0,1,0,130,109,0,132,10,0,1,8,0,32,8,161,1,176,32,56,162,64,78,40,152,132,5,21,191,19,88,104,5,68,1,236,216,32,8,21,16,64,0,136,0,17,5,34,18,1,1,32,0,152,124,159,96,161,154,136,34,100,66,224,56,2,8,66,64,38,22,74,1,48,78,28,50,0,16,69,25,9,33,2,225,0,193,35,13,0,144,15,128,136,7,18,36,8,197,16,167]
packet_number=129,correct=False,payload=[0,2,4,12,19,104,0,0,0,0,64,0,0,0,4,0,0,64,0,16,17,1,4,8,0,80,64,0,130,0,8,0,0,0,0,0,8,6,9,164,32,14,128,0,84,21,0,17,8,26,100,157,56,210,232,156,102,10,8,47,8,0,0,128,16,64,36,128,0,16,32,160,0,40,1,0,0,128,0,4,0,72,84,8,16,0,10,0,20,0,81,12,9,20,0,72,130,0,196,64]
CFO=7348.95312318632,STO=0
SNRdB=nan,TXPdB=-20
packet_number=130,correct=False,payload=[182,91,128,0,2,3,0,218,48,139,29,133,147,219,34,137,97,25,25,3,23,29,67,1,26,190,89,221,0,165,98,9,192,24,53,233,114,4,219,19,26,22,10,113,34,188,9,221,83,188,81,17,114,123,4,116,204,210,98,78,77,65,127,40,220,204,54,138,77,27,50,17,64,7,82,18,19,209,30,178,10,45,149,71,205,152,180,120,230,148,136,37,21,166,133,133,153,150,246,248]
CFO=6842.599148344308,STO=3
SNRdB=nan,TXPdB=-20
CFO=5838.158082811663,STO=0
SNRdB=0.82,TXPdB=-20
packet_number=131,correct=False,payload=[0,1,6,6,9,180,66,2,128,0,17,80,71,16,132,2,105,21,7,193,105,40,36,12,10,240,44,88,48,160,160,37,0,24,138,129,10,46,65,2,4,178,182,15,17,83,32,18,208,28,56,185,170,100,128,209,33,57,100,0,240,1,66,80,138,54,2,80,128,99,1,44,136,18,12,68,26,16,74,68,128,8,144,64,98,157,90,0,97,8,0,224,16,12,144,0,12,28,22,1]
packet_number=132,correct=False,payload=[0,2,4,6,19,104,128,4,4,0,145,72,33,32,32,8,16,3,136,1,0,64,215,132,33,194,162,98,33,99,228,244,34,90,108,80,7,29,8,16,196,244,124,64,16,92,80,64,206,40,2,160,146,4,8,18,130,100,128,36,160,140,0,160,144,2,0,8,1,5,1,1,32,128,66,0,73,34,2,2,0,32,176,16,16,4,58,80,48,66,0,0,233,8,0,88,16,34,0,74]
CFO=7316.755275539324,STO=5
SNRdB=nan,TXPdB=-20
CFO=-1845.72990025556,STO=3
SNRdB=nan,TXPdB=-20
packet_number=133,correct=False,payload=[0,1,0,6,9,180,8,213,4,26,208,0,194,6,37,62,150,152,9,168,152,225,138,76,155,170,212,218,154,134,32,164,148,188,241,24,199,162,2,0,19,75,32,32,115,136,87,21,132,24,1,130,161,41,69,207,139,20,194,215,213,218,46,13,233,74,237,80,213,106,240,73,57,9,36,186,158,188,144,55,24,138,79,174,236,178,220,86,136,2,83,64,12,84,220,216,33,81,5,210]
CFO=7230.402888419349,STO=2
SNRdB=-0.87,TXPdB=-20
packet_number=134,correct=False,payload=[75,179,94,117,197,61,252,153,140,40,35,85,225,105,64,123,187,215,112,124,22,92,150,13,173,71,62,41,180,167,55,87,39,123,225,60,20,245,147,88,47,3,74,173,251,51,230,240,201,127,119,184,240,197,108,250,88,154,145,29,70,169,161,186,81,191,212,181,85,85,85,89,241,87,239,240,0,16,96,96,155,69,114,224,146,163,98,92,148,93,239,107,134,188,141,4,153,63,249,228]
CFO=7448.7448270434215,STO=2
SNRdB=nan,TXPdB=-20
packet_number=135,correct=False,payload=[0,2,4,6,57,180,220,1,16,0,5,32,16,2,0,72,0,128,213,66,0,17,16,0,16,166,213,32,120,49,84,32,129,13,20,240,16,16,67,64,64,4,72,132,130,4,0,128,10,16,38,0,132,0,160,4,24,4,10,38,0,9,17,129,0,1,68,64,0,1,34,196,129,1,8,8,64,1,96,1,64,4,128,72,131,0,40,78,122,54,14,145,9,80,32,32,0,128,70,68]
CFO=8711.567734181148,STO=4
SNRdB=0.62,TXPdB=-20
packet_number=136,correct=False,payload=[224,0,64,128,194,109,4,159,92,6,128,195,32,155,240,224,28,80,204,16,130,6,128,162,214,155,33,160,217,252,128,12,151,17,12,245,133,49,79,13,136,164,39,13,220,2,232,181,72,26,191,80,135,237,32,228,199,81,211,40,202,171,165,165,8,8,15,170,56,37,19,218,157,192,10,5,180,185,72,52,193,160,115,29,185,212,145,3,1,56,179,144,24,214,80,8,50,4,19,114]
packet_number=137,correct=False,payload=[0,2,12,12,17,104,32,0,0,0,128,97,144,0,0,16,0,33,16,168,4,82,8,34,0,0,0,0,1,4,4,0,0,1,64,0,16,12,17,96,40,32,12,8,2,20,0,132,72,160,0,0,0,2,80,64,128,17,24,44,85,245,6,24,205,161,190,23,14,207,34,4,22,34,166,24,26,136,137,8,10,48,201,0,146,192,1,0,9,2,0,8,72,2,0,129,136,8,0,0]
CFO=6637.964103620613,STO=2
SNRdB=nan,TXPdB=-20
CFO=6378.484927256014,STO=6
SNRdB=nan,TXPdB=-20
packet_number=138,correct=False,payload=[146,91,128,0,130,3,9,180,69,68,74,219,170,142,18,251,6,30,115,164,208,52,105,247,136,177,206,153,106,15,71,85,247,184,4,209,90,49,129,69,41,1,116,80,154,163,7,74,112,141,57,20,39,161,1,138,199,166,120,147,82,98,128,11,172,89,102,227,28,252,74,126,129,36,112,82,170,8,70,96,65,220,132,70,128,52,129,50,129,82,132,0,70,204,4,168,167,53,64,65]
CFO=8470.610252556698,STO=3
SNRdB=-0.51,TXPdB=-20
packet_number=139,correct=False,payload=[0,2,4,12,22,168,0,8,52,0,15,137,18,56,25,16,88,182,0,0,45,80,1,214,83,0,96,44,41,160,113,50,32,160,128,32,2,66,0,192,32,80,68,66,44,22,64,0,0,248,72,48,10,5,24,33,4,68,248,68,132,20,0,0,64,36,6,1,68,4,6,22,6,68,64,129,136,194,32,16,128,132,10,14,8,0,0,33,0,17,160,1,2,36,8,24,136,0,0,32]
CFO=8008.7851934709615,STO=6
SNRdB=nan,TXPdB=-20
packet_number=140,correct=False,payload=[0,2,4,6,9,32,64,2,16,0,0,4,0,40,64,6,65,128,3,0,128,0,88,0,0,0,4,0,64,26,1,192,130,8,232,42,37,193,192,24,2,60,64,32,64,0,72,82,0,0,0,4,1,0,59,0,25,96,0,145,0,12,128,1,5,0,98,8,16,0,1,4,160,226,162,32,193,140,128,130,16,0,129,52,0,0,24,16,0,42,80,200,33,16,41,8,76,4,40,64]
CFO=7186.97973672319,STO=5
SNRdB=nan,TXPdB=-20
CFO=11672.751651579118,STO=3
SNRdB=2.16,TXPdB=-20
packet_number=141,correct=False,payload=[0,2,4,6,19,104,246,21,144,30,133,137,108,12,80,132,92,17,142,194,0,64,26,38,145,224,132,115,89,65,97,80,9,134,56,16,185,128,179,54,166,137,202,34,44,137,105,160,100,165,152,240,95,23,36,46,128,53,121,55,64,181,14,112,96,145,67,19,97,130,89,160,24,43,144,54,100,53,2,10,81,38,30,27,150,0,72,56,128,2,148,33,9,18,107,102,166,218,21,226]
CFO=7677.07217671213,STO=2
SNRdB=nan,TXPdB=-20
packet_number=142,correct=False,payload=[0,2,4,6,11,96,0,121,0,120,74,0,15,67,177,91,88,34,139,196,8,1,232,149,89,190,41,10,7,114,98,0,6,147,88,4,6,148,120,32,77,12,39,35,136,205,108,133,200,254,74,125,1,149,73,71,92,64,162,130,195,2,82,0,0,198,2,8,29,4,8,128,76,0,136,74,0,16,128,64,160,42,48,37,129,0,2,134,0,34,230,225,66,2,28,4,113,0,14,128]
packet_number=143,correct=False,payload=[0,0,4,6,9,180,0,0,16,2,0,0,65,64,0,0,0,2,40,0,0,0,4,0,0,0,96,72,0,0,8,0,64,0,32,0,0,0,0,0,0,8,0,0,64,0,68,0,96,128,24,8,188,114,10,104,48,5,40,67,4,0,16,40,128,2,80,0,4,132,16,64,0,0,0,2,4,2,32,0,0,1,140,0,0,16,1,0,0,64,0,0,8,32,0,1,0,8,64,0]
packet_number=144,correct=False,payload=[0,2,4,6,19,104,5,150,160,92,198,42,66,0,147,191,64,163,79,130,88,50,112,22,183,130,16,161,49,64,2,32,10,49,16,40,96,144,148,162,96,145,130,129,14,0,166,140,162,4,7,244,64,14,17,68,192,233,16,166,73,24,40,22,141,232,72,141,136,96,136,132,10,97,2,42,33,0,180,96,208,12,20,19,24,160,163,180,97,30,228,167,140,52,192,26,8,8,218,42]
CFO=8787.589746015858,STO=3
SNRdB=nan,TXPdB=-20
CFO=6406.990559239469,STO=1
SNRdB=0.01,TXPdB=-20
CFO=6959.4172039360465,STO=1
SNRdB=-13.93,TXPdB=-20
packet_number=145,correct=False,payload=[0,2,4,6,19,104,2,20,64,129,2,4,32,128,22,21,119,197,58,0,154,126,101,163,0,141,246,90,38,224,24,152,7,132,33,6,156,37,8,108,96,96,136,104,128,36,16,32,0,1,0,0,148,130,81,97,112,183,9,236,64,2,42,5,37,3,0,69,128,180,0,192,6,65,168,34,33,64,2,24,44,0,19,40,2,128,132,48,90,8,148,50,32,84,141,196,10,32,1,8]
packet_number=146,correct=False,payload=[0,2,8,12,19,96,0,1,8,32,0,0,4,33,4,0,0,32,71,42,128,128,2,1,32,128,0,1,0,0,8,0,97,10,36,169,13,64,68,32,26,19,43,100,11,2,195,35,57,80,1,9,151,198,102,30,0,0,214,9,9,4,64,4,0,164,0,130,140,0,32,72,96,44,16,0,6,0,155,118,16,144,0,0,160,24,20,128,16,136,85,32,68,0,8,5,72,66,224,10]
CFO=7621.040406561455,STO=7
SNRdB=nan,TXPdB=-20
packet_number=147,correct=False,payload=[0,2,4,12,19,104,55,145,64,9,129,8,35,36,52,0,6,144,16,160,11,57,98,169,2,208,16,112,225,64,75,200,0,66,32,12,64,59,2,178,161,72,66,100,106,115,96,188,75,104,12,137,0,146,15,111,154,144,145,205,46,219,167,117,139,60,34,64,132,56,16,144,35,32,33,165,127,224,53,159,116,1,42,48,3,202,80,240,98,204,144,130,137,22,2,0,11,88,18,169]
CFO=7319.265935331857,STO=2
SNRdB=-13.10,TXPdB=-20
packet_number=148,correct=False,payload=[0,2,4,6,11,104,32,178,116,56,117,16,113,244,8,8,149,71,62,132,223,118,40,131,16,234,73,163,67,50,128,86,61,56,47,140,1,17,201,123,82,201,76,35,67,42,5,72,146,32,10,208,26,160,149,168,17,77,80,24,65,9,2,65,8,223,141,53,64,34,43,93,113,8,49,145,109,32,70,16,77,4,10,178,70,241,215,132,162,97,8,74,17,32,65,70,1,68,231,214]
CFO=9830.085125335849,STO=7
SNRdB=nan,TXPdB=-20
CFO=8877.464642115077,STO=1
SNRdB=0.85,TXPdB=-20
packet_number=149,correct=False,payload=[0,2,4,6,9,232,165,130,69,48,151,49,149,96,6,136,101,6,28,33,4,4,1,1,16,67,224,96,0,5,73,88,136,1,0,0,17,5,40,129,0,6,0,0,1,0,33,8,128,146,32,48,32,6,0,64,0,48,0,8,69,17,40,0,86,8,58,0,9,74,192,4,129,64,16,0,33,68,98,33,3,146,1,32,4,32,0,34,8,64,76,9,67,8,0,2,1,73,128,53]
packet_number=150,correct=False,payload=[0,2,4,4,19,104,72,0,40,6,117,139,74,0,52,73,128,171,26,67,245,196,129,170,32,0,7,168,20,128,64,74,50,8,208,101,153,10,64,27,18,105,152,130,223,56,30,88,207,39,136,1,72,26,136,16,197,100,142,68,36,1,26,97,0,36,168,128,33,36,116,160,48,16,152,17,17,0,128,17,132,8,132,0,129,4,65,8,128,24,72,184,0,48,115,98,18,8,86,135]
CFO=6527.008932758287,STO=5
SNRdB=-24.98,TXPdB=-20
CFO=8893.242338521832,STO=7
SNRdB=nan,TXPdB=-20
packet_number=151,correct=False,payload=[0,2,4,6,19,104,17,8,0,128,0,0,2,0,0,16,0,22,32,0,32,4,0,8,34,8,0,68,41,0,0,0,64,0,144,0,0,0,0,2,0,0,9,0,0,16,2,1,0,0,40,0,0,192,64,4,42,0,153,134,97,203,125,202,176,193,162,0,131,88,0,4,0,1,0,0,0,0,64,128,0,8,0,0,2,192,2,16,0,0,39,0,0,1,128,98,50,20,19,164]
CFO=-10926.454393321039,STO=1
SNRdB=-1.19,TXPdB=-20
packet_number=152,correct=False,payload=[0,2,4,6,9,168,98,41,145,40,38,98,29,66,130,0,53,1,66,10,173,129,45,94,137,200,21,245,6,96,129,129,73,44,34,160,2,64,18,0,53,162,96,19,0,33,34,168,88,226,226,4,24,56,0,164,144,48,194,236,2,128,33,242,24,1,122,8,2,228,144,139,232,144,65,134,253,161,11,67,40,78,63,12,113,35,148,113,10,71,145,189,109,74,133,17,1,160,80,108]
CFO=7014.2789995770045,STO=2
SNRdB=-1.35,TXPdB=-20
packet_number=153,correct=False,payload=[241,64,152,64,128,67,0,4,0,0,130,189,8,68,39,32,0,21,72,2,76,133,246,138,185,202,137,16,65,132,188,192,38,152,56,4,74,221,227,64,49,217,163,213,8,113,213,96,0,32,34,86,127,89,180,22,0,115,12,80,72,32,96,38,32,147,167,7,5,240,233,16,6,5,227,240,137,118,193,181,128,21,69,41,45,77,69,138,208,48,0,80,38,160,64,161,30,198,2,65]
CFO=6765.938778822262,STO=0
SNRdB=nan,TXPdB=-20
packet_number=154,correct=False,payload=[255,255,255,255,255,255,255,247,255,255,255,31,255,221,253,255,255,188,173,238,187,251,189,255,239,255,247,255,223,255,223,127,250,255,123,106,255,247,195,255,127,255,255,255,255,249,238,255,236,255,255,218,251,254,95,255,245,255,255,255,255,171,255,255,191,255,253,239,254,255,255,255,255,255,239,255,177,255,151,255,247,191,254,63,183,251,255,247,63,229,251,254,43,235,255,251,239,255,255,254]
packet_number=155,correct=False,payload=[0,4,9,2,3,129,0,32,146,0,25,166,64,2,168,130,36,6,96,44,99,0,210,192,104,4,20,16,194,168,136,74,152,160,4,37,12,11,63,48,20,84,69,0,132,4,82,0,64,104,132,209,34,219,6,162,0,72,136,65,96,196,32,6,76,24,1,1,144,10,0,128,18,0,128,6,16,4,8,4,98,154,11,18,130,136,158,133,231,0,253,2,182,180,29,165,120,37,176,48]
CFO=9043.382688699474,STO=6
SNRdB=nan,TXPdB=-20
packet_number=156,correct=False,payload=[0,2,4,6,17,168,34,47,224,104,8,128,34,16,128,160,54,68,152,29,2,72,66,156,64,184,44,52,75,206,64,204,85,20,230,165,110,52,68,116,145,133,233,117,230,5,196,122,59,99,155,100,112,159,238,249,69,16,173,6,245,169,129,226,29,53,226,35,33,23,254,240,197,3,131,229,165,80,50,46,0,187,128,200,143,44,73,226,70,219,198,196,235,241,0,138,161,9,51,9]
CFO=10624.067812519437,STO=3
SNRdB=1.23,TXPdB=-20
packet_number=157,correct=False,payload=[0,2,8,12,19,80,38,1,136,197,1,197,72,16,48,136,114,64,124,193,113,32,106,8,4,19,128,192,36,4,11,138,97,128,47,98,128,0,224,42,130,241,24,128,64,226,166,75,12,132,20,0,96,166,0,4,0,16,36,9,200,0,0,54,6,128,88,10,136,1,0,240,44,64,64,129,2,128,144,4,5,82,16,109,128,133,128,16,16,25,16,25,48,138,141,128,134,65,0,209]
CFO=7304.6656995672265,STO=0
SNRdB=nan,TXPdB=-20
CFO=6557.113738818504,STO=2
SNRdB=nan,TXPdB=-20
packet_number=158,correct=False,payload=[10,91,128,0,2,1,4,210,0,0,0,0,0,0,0,0,160,0,0,0,0,0,0,96,128,16,6,0,0,0,0,0,132,0,0,0,0,0,0,128,0,9,128,32,64,128,16,0,0,0,0,0,0,28,32,202,185,72,63,13,195,150,22,32,64,64,0,32,0,12,8,80,0,4,4,128,10,0,32,0,0,0,2,64,0,0,0,64,0,0,0,0,16,0,0,16,0,4,96,0]
CFO=8755.075528748466,STO=2
SNRdB=nan,TXPdB=-20
packet_number=159,correct=False,payload=[244,174,0,2,4,14,19,112,146,68,64,38,6,26,0,15,220,34,5,200,48,145,3,35,56,6,120,34,34,0,96,208,34,85,1,18,17,194,8,45,27,52,160,136,112,16,29,164,7,48,185,160,160,161,193,28,0,169,160,54,107,132,128,164,16,200,1,26,65,72,8,148,72,93,142,12,164,24,240,75,12,2,192,131,18,193,209,204,134,150,8,97,21,11,56,40,17,87,1,129]
CFO=10613.774246644685,STO=4
SNRdB=-0.06,TXPdB=-20
packet_number=160,correct=False,payload=[0,2,4,12,19,104,133,80,38,16,52,69,193,207,16,110,57,254,231,169,128,192,64,235,194,30,221,78,96,248,62,166,144,8,96,200,60,210,137,227,215,69,158,154,141,30,74,117,152,177,4,151,211,46,42,198,205,172,116,102,133,144,92,98,124,98,1,165,11,44,137,226,70,138,74,177,122,1,122,56,233,11,8,64,66,140,178,130,73,133,71,86,185,31,211,181,216,16,96,146]
packet_number=161,correct=False,payload=[0,2,4,2,9,184,4,96,64,1,104,160,64,9,80,129,1,212,234,32,36,202,132,16,18,128,36,40,1,64,8,4,0,3,114,0,68,0,10,16,17,64,0,66,128,11,81,4,2,84,0,0,32,32,14,0,0,68,32,8,192,0,0,0,132,128,128,2,145,16,4,178,64,68,130,128,0,2,0,8,8,1,32,5,0,0,16,0,22,192,128,65,32,0,162,16,10,0,0,128]
packet_number=162,correct=False,payload=[17,0,16,0,0,0,0,2,40,64,68,0,0,0,177,128,16,0,0,32,2,0,0,0,4,128,0,0,0,1,0,1,16,168,0,0,65,0,100,2,16,64,0,0,0,97,8,1,2,104,0,41,19,0,16,166,192,0,0,0,2,0,0,64,36,216,0,0,0,8,32,2,0,4,34,92,224,33,64,0,64,2,8,32,20,16,0,0,216,128,130,150,20,0,0,130,21,73,0,128]
CFO=7860.049587655864,STO=6
SNRdB=-14.89,TXPdB=-20
CFO=8713.028662369708,STO=2
SNRdB=-11.10,TXPdB=-20
packet_number=163,correct=False,payload=[17,2,0,128,0,128,129,4,128,48,2,1,5,64,208,20,140,176,24,136,9,192,16,128,32,0,128,4,8,81,6,136,16,32,2,0,49,0,135,16,0,0,16,0,67,144,2,0,0,0,26,64,8,0,0,0,64,0,64,64,128,2,60,66,1,24,82,128,162,0,138,5,53,184,132,133,20,141,201,164,8,144,5,0,136,142,168,48,2,6,5,76,35,6,172,29,4,128,1,8]
packet_number=164,correct=False,payload=[0,2,4,6,3,104,9,3,30,33,136,1,8,80,2,32,113,210,26,129,164,145,114,36,20,3,128,17,1,0,0,128,16,18,136,3,90,238,129,13,208,0,2,242,3,0,6,144,0,96,85,0,35,68,130,14,24,85,138,134,66,137,48,12,141,0,8,0,32,2,11,148,15,101,65,132,208,160,92,0,33,73,141,70,42,4,8,48,2,3,200,40,2,4,206,152,146,41,97,132]
CFO=7225.997753032492,STO=0
SNRdB=-8.26,TXPdB=-20
CFO=8677.566714023542,STO=2
SNRdB=nan,TXPdB=-20
packet_number=165,correct=False,payload=[0,2,4,4,29,176,18,192,60,17,144,64,254,114,13,84,42,32,49,48,70,114,30,68,208,128,33,34,16,64,0,89,148,0,180,13,203,10,33,24,32,162,33,16,1,33,69,49,80,40,80,144,65,4,48,68,40,0,202,11,0,130,32,20,1,99,152,203,165,48,200,238,179,16,159,138,169,25,16,0,145,47,3,32,152,40,1,35,227,144,182,146,2,131,198,104,152,124,114,64]
CFO=7576.548311008049,STO=6
SNRdB=nan,TXPdB=-20
CFO=6998.229536765059,STO=1
SNRdB=0.62,TXPdB=-20
packet_number=166,correct=False,payload=[3,153,160,6,66,129,140,224,128,65,56,39,154,170,72,43,109,77,81,96,115,35,2,90,160,179,142,125,65,236,23,13,190,24,194,16,0,207,193,48,18,69,138,87,65,244,49,0,101,161,0,104,28,98,26,186,201,97,130,237,225,130,117,31,177,158,192,201,98,243,15,2,177,130,66,236,3,138,195,40,6,184,101,138,112,146,129,136,132,162,75,196,0,74,4,49,0,134,195,68]
packet_number=167,correct=False,payload=[0,2,4,12,19,104,130,16,32,224,224,12,169,154,38,11,174,192,136,160,128,128,61,166,130,26,2,104,0,16,24,10,0,0,64,240,26,162,128,35,48,0,16,2,0,12,128,16,65,97,18,0,84,10,138,80,0,72,32,100,12,128,128,35,6,237,75,47,65,203,204,13,147,131,9,97,64,178,138,4,248,3,35,208,134,9,53,160,0,0,128,128,0,144,6,34,0,4,64,34]
CFO=6678.01968442527,STO=6
SNRdB=nan,TXPdB=-20
packet_number=168,correct=False,payload=[0,2,4,6,26,233,74,48,36,34,0,2,6,0,4,17,68,0,4,0,16,33,200,2,236,52,10,80,96,0,128,70,100,0,2,5,0,4,0,0,132,66,18,128,131,0,12,34,38,0,68,32,24,0,0,8,128,0,0,137,66,128,32,58,96,64,2,35,18,128,2,68,194,0,68,105,0,46,113,0,0,0,96,1,192,0,4,20,20,72,144,64,0,76,136,40,72,20,52,4]
CFO=6937.107113670413,STO=4
SNRdB=nan,TXPdB=-20
CFO=5999.96643709171,STO=3
SNRdB=-1.32,TXPdB=-20
packet_number=169,correct=False,payload=[4,147,200,88,193,64,200,68,4,144,64,36,114,134,160,244,134,10,13,136,39,156,155,193,128,130,27,12,34,27,15,82,10,133,83,11,131,212,34,152,129,26,68,0,78,32,124,64,163,141,178,43,77,230,100,224,218,62,8,188,110,54,139,140,144,197,7,238,217,206,139,231,19,34,64,66,179,72,27,16,2,176,244,64,161,252,188,70,44,23,198,177,165,64,95,29,204,0,109,10]
CFO=6836.508048318068,STO=0
SNRdB=nan,TXPdB=-20
packet_number=170,correct=False,payload=[139,42,91,128,1,2,3,4,218,68,70,56,17,200,144,32,4,14,103,152,165,176,130,240,12,105,161,17,208,65,193,88,241,12,4,252,181,0,19,196,69,128,84,53,22,4,59,68,16,158,195,201,97,10,6,64,7,32,0,68,32,83,166,128,51,234,32,64,96,128,176,76,4,2,142,212,25,176,112,160,72,136,50,4,140,133,58,7,5,9,0,168,2,70,1,2,148,129,132,34]
CFO=6684.337228174218,STO=0
SNRdB=nan,TXPdB=-20
packet_number=171,correct=False,payload=[0,2,4,6,9,20,193,0,17,8,9,16,98,0,128,0,40,194,11,2,64,10,10,40,72,1,176,16,130,4,100,1,128,12,1,2,128,16,34,1,68,36,2,72,0,16,4,128,40,17,160,36,8,33,3,131,200,128,40,22,128,64,8,0,2,0,161,68,132,188,122,76,17,183,112,9,131,111,46,0,66,67,10,0,16,32,16,4,4,18,36,32,128,161,65,0,10,179,3,32]
packet_number=172,correct=False,payload=[84,210,220,0,4,8,24,38,208,144,125,64,35,117,146,131,32,32,56,25,79,64,245,109,196,198,128,40,4,131,144,0,3,7,5,11,8,66,128,192,17,81,64,128,160,16,66,50,24,34,72,0,108,160,17,17,67,32,142,70,65,64,133,64,0,9,205,1,205,101,62,29,250,20,93,72,45,72,168,20,35,168,200,20,80,72,90,147,146,226,32,33,135,184,132,7,41,2,65,160]
CFO=8597.9585981108,STO=6
SNRdB=-12.35,TXPdB=-20
packet_number=173,correct=False,payload=[0,2,4,12,19,104,84,12,199,104,42,101,231,134,4,99,28,229,75,24,216,25,212,20,142,193,80,80,28,42,180,39,143,91,10,99,25,96,23,168,162,163,0,151,228,20,22,160,52,57,238,96,16,206,136,175,6,120,102,193,76,190,90,77,250,140,193,129,59,0,111,49,205,80,6,85,96,50,114,162,40,2,77,129,0,68,70,1,166,154,19,70,68,185,6,150,147,72,8,64]
CFO=7119.6230522262285,STO=5
SNRdB=0.33,TXPdB=-20
packet_number=174,correct=False,payload=[0,0,0,12,19,96,2,0,8,16,2,34,133,136,13,18,32,7,0,152,52,0,80,1,64,32,128,128,112,8,34,72,76,1,164,34,0,17,128,2,4,4,33,140,0,6,32,21,0,208,32,33,0,4,64,65,4,32,66,128,3,1,1,136,128,1,2,20,16,6,144,128,2,2,72,128,0,2,0,64,136,128,64,16,130,16,4,99,24,42,5,44,20,32,9,0,36,81,172,4]
CFO=7873.6721804848585,STO=4
SNRdB=nan,TXPdB=-20
packet_number=175,correct=False,payload=[0,2,4,12,19,104,120,0,50,0,128,10,0,8,73,1,55,8,32,16,0,18,152,4,0,37,8,0,0,228,0,16,36,4,32,18,4,41,128,129,106,0,0,17,18,74,114,128,64,131,1,37,16,104,72,180,0,16,0,9,162,196,160,0,16,16,101,34,21,1,48,128,65,0,48,0,8,98,8,43,8,1,20,8,72,2,16,160,12,74,4,0,29,81,20,51,13,162,20,228]
CFO=7411.635029287278,STO=7
SNRdB=nan,TXPdB=-20
CFO=6863.285611673269,STO=1
SNRdB=-1.55,TXPdB=-20
packet_number=176,correct=False,payload=[0,49,0,32,96,10,80,173,112,65,162,4,105,59,8,163,165,5,49,69,137,36,177,195,48,132,135,236,129,226,134,63,80,211,100,137,34,41,115,16,156,4,78,42,158,50,10,25,1,7,51,26,32,42,165,75,72,151,64,147,37,59,120,0,52,66,1,1,251,140,131,142,22,57,77,43,163,65,4,96,154,219,76,71,51,227,35,186,224,185,220,158,160,186,128,165,4,21,4,190]
CFO=7436.090663483993,STO=3
SNRdB=-1.38,TXPdB=-20
packet_number=177,correct=False,payload=[0,1,1,132,218,49,42,152,166,4,108,194,17,0,0,204,64,136,9,12,134,81,240,40,56,190,116,128,178,148,130,108,2,160,193,21,52,46,42,8,134,132,192,112,179,230,8,160,34,88,64,96,205,80,48,48,108,219,69,5,146,2,224,6,116,191,116,224,61,79,18,37,18,80,88,91,166,157,22,64,3,70,2,77,193,81,68,114,7,128,1,32,64,0,36,0,32,129,129,29]
packet_number=178,correct=False,payload=[0,16,32,48,139,64,2,8,16,144,8,65,169,1,128,2,98,0,128,64,129,129,2,0,36,16,0,0,0,0,2,24,0,0,8,64,21,0,64,96,56,68,0,0,16,16,146,136,16,130,64,1,19,1,128,0,8,16,144,0,145,218,98,36,0,32,135,4,61,162,38,173,60,68,64,178,96,140,64,66,33,16,0,0,128,0,33,24,208,192,144,18,0,128,64,80,2,0,4,4]
CFO=12250.414697906632,STO=2
SNRdB=nan,TXPdB=-20
packet_number=179,correct=False,payload=[0,16,64,96,155,70,83,0,108,216,42,12,186,26,144,34,20,161,2,98,67,14,33,17,64,137,164,148,4,5,48,34,78,136,10,49,9,40,16,104,4,57,5,144,0,130,129,68,164,8,8,8,210,1,44,85,19,195,72,48,0,32,33,148,70,70,0,40,52,77,33,64,92,14,188,41,215,163,247,1,140,160,176,33,3,1,0,91,160,11,33,202,20,211,129,28,56,235,212,150]
packet_number=180,correct=False,payload=[0,0,0,6,9,180,0,136,72,128,144,24,1,0,8,16,1,14,136,8,4,0,4,4,0,4,8,16,0,34,0,65,24,0,65,0,112,0,80,66,0,0,0,0,80,0,34,0,4,64,128,160,0,2,64,0,0,138,128,0,1,4,0,16,8,144,0,18,1,0,64,0,0,128,0,8,0,32,40,0,0,0,0,0,0,0,0,0,0,0,0,64,0,0,0,0,0,0,0,0]
CFO=6715.214674493481,STO=3
SNRdB=nan,TXPdB=-20
CFO=7205.28055108916,STO=1
SNRdB=nan,TXPdB=-20
CFO=8457.723748927307,STO=7
SNRdB=-1.06,TXPdB=-20
packet_number=181,correct=False,payload=[0,2,4,6,9,184,53,88,0,96,185,104,114,11,250,27,82,10,32,204,217,17,160,68,109,118,121,1,6,181,16,112,192,49,192,83,158,48,18,113,176,198,51,213,53,18,50,153,23,127,128,68,31,247,195,154,3,101,3,36,113,8,138,64,147,25,48,201,49,77,192,68,106,32,240,97,180,12,17,200,245,145,12,22,60,246,82,193,109,243,51,112,131,232,42,124,142,41,48,202]
CFO=7604.082105901512,STO=7
SNRdB=nan,TXPdB=-20
CFO=7227.9252443527885,STO=1
SNRdB=nan,TXPdB=-20
CFO=5773.346210964039,STO=5
SNRdB=nan,TXPdB=-20
CFO=7500.592411667112,STO=5
SNRdB=-0.01,TXPdB=-20
CFO=6895.115163788546,STO=5
SNRdB=nan,TXPdB=-20
CFO=8389.00664230934,STO=7
SNRdB=nan,TXPdB=-20
CFO=5793.620443014652,STO=7
SNRdB=-2.47,TXPdB=-20
CFO=6700.139382934472,STO=4
SNRdB=-6.48,TXPdB=-20
CFO=7175.518102403993,STO=5
SNRdB=nan,TXPdB=-20
CFO=7351.517041872579,STO=3
SNRdB=-22.67,TXPdB=-20
CFO=7377.793934288473,STO=3
SNRdB=0.46,TXPdB=-20
CFO=6516.762364871336,STO=4
SNRdB=nan,TXPdB=-20
CFO=7409.983231271191,STO=4
SNRdB=nan,TXPdB=-20
CFO=6355.7371985669,STO=1
SNRdB=-2.74,TXPdB=-20
CFO=8569.281501435235,STO=1
SNRdB=-2.75,TXPdB=-20
CFO=992.2987694936135,STO=4
SNRdB=nan,TXPdB=-20
CFO=8277.829816013435,STO=6
SNRdB=nan,TXPdB=-20
CFO=7767.651520213081,STO=6
SNRdB=0.92,TXPdB=-20
CFO=8376.540332648205,STO=5
SNRdB=nan,TXPdB=-20
CFO=8371.119768825454,STO=2
SNRdB=nan,TXPdB=-20
CFO=6784.079024671852,STO=4
SNRdB=1.57,TXPdB=-20
CFO=7221.164873908604,STO=0
SNRdB=nan,TXPdB=-20
CFO=8121.862002327853,STO=2
SNRdB=nan,TXPdB=-20
CFO=8198.376292990495,STO=5
SNRdB=-8.81,TXPdB=-20
CFO=8491.358941798168,STO=5
SNRdB=nan,TXPdB=-20
CFO=7104.329623778152,STO=3
SNRdB=1.73,TXPdB=-20
CFO=8611.772820314976,STO=4
SNRdB=nan,TXPdB=-20
CFO=7626.774032533913,STO=6
SNRdB=nan,TXPdB=-20
CFO=5778.992857380411,STO=0
SNRdB=-0.42,TXPdB=-20
CFO=6158.696016931721,STO=5
SNRdB=nan,TXPdB=-20
CFO=6864.644200583247,STO=3
SNRdB=-6.36,TXPdB=-20
CFO=9313.914710556093,STO=7
SNRdB=2.64,TXPdB=-20
CFO=7192.143947411152,STO=7
SNRdB=nan,TXPdB=-20
CFO=8965.88132702486,STO=7
SNRdB=nan,TXPdB=-20
CFO=6794.651985792745,STO=2
SNRdB=-5.15,TXPdB=-20
CFO=8583.739096053423,STO=2
SNRdB=nan,TXPdB=-20
CFO=-5034.900143920058,STO=3
SNRdB=1.40,TXPdB=-20
CFO=8703.232976842432,STO=4
SNRdB=-5.15,TXPdB=-20
CFO=7122.062271430416,STO=3
SNRdB=nan,TXPdB=-20
CFO=7594.958602245501,STO=6
SNRdB=2.65,TXPdB=-20
CFO=8189.6533159700475,STO=4
SNRdB=nan,TXPdB=-20
CFO=8296.703963664988,STO=2
SNRdB=-1.55,TXPdB=-20
CFO=7521.849602086939,STO=3
SNRdB=-4.38,TXPdB=-20
CFO=7623.345493341595,STO=2
SNRdB=nan,TXPdB=-20
CFO=8074.88210379522,STO=4
SNRdB=nan,TXPdB=-20
CFO=8330.666839284346,STO=7
SNRdB=2.60,TXPdB=-20
CFO=9527.9239952999,STO=0
SNRdB=nan,TXPdB=-20
CFO=9141.987619501664,STO=3
SNRdB=3.00,TXPdB=-20
CFO=7801.137260904314,STO=5
SNRdB=-4.56,TXPdB=-20
CFO=9842.729687804007,STO=5
SNRdB=nan,TXPdB=-20
CFO=7489.288080876073,STO=7
SNRdB=2.55,TXPdB=-20
CFO=7882.974265353889,STO=7
SNRdB=nan,TXPdB=-20
CFO=7414.522142159494,STO=2
SNRdB=-3.03,TXPdB=-20
CFO=6785.237526568837,STO=2
SNRdB=-4.34,TXPdB=-20
CFO=7709.36624244683,STO=7
SNRdB=nan,TXPdB=-20
CFO=7151.879879562523,STO=4
SNRdB=nan,TXPdB=-20
CFO=9675.751941989925,STO=4
SNRdB=1.81,TXPdB=-20
CFO=7243.130640133943,STO=5
SNRdB=nan,TXPdB=-20
CFO=5946.624908979826,STO=6
SNRdB=-1.88,TXPdB=-20
CFO=6572.220359008554,STO=4
SNRdB=nan,TXPdB=-20
CFO=8565.098376507958,STO=1
SNRdB=nan,TXPdB=-20
CFO=8942.821576984486,STO=2
SNRdB=nan,TXPdB=-20
CFO=8714.666510253917,STO=5
SNRdB=1.68,TXPdB=-20
CFO=8531.592883773608,STO=5
SNRdB=nan,TXPdB=-20
CFO=6196.99127261845,STO=3
SNRdB=nan,TXPdB=-20
CFO=6575.172456463604,STO=3
SNRdB=nan,TXPdB=-20
CFO=6064.299600909488,STO=0
SNRdB=2.46,TXPdB=-20
CFO=7121.551773469413,STO=7
SNRdB=nan,TXPdB=-20
CFO=-5874.163750377314,STO=7
SNRdB=-2.71,TXPdB=-20
CFO=8761.48378288812,STO=1
SNRdB=nan,TXPdB=-20
CFO=8373.16052152933,STO=2
SNRdB=nan,TXPdB=-20
CFO=8563.391670878515,STO=1
SNRdB=nan,TXPdB=-20
CFO=7119.176717862,STO=2
SNRdB=nan,TXPdB=-20
CFO=7652.283756433257,STO=6
SNRdB=-4.83,TXPdB=-20
CFO=8316.302076530348,STO=1
SNRdB=-6.02,TXPdB=-20
CFO=6258.627593792395,STO=7
SNRdB=nan,TXPdB=-20
CFO=8248.45191370139,STO=4
SNRdB=nan,TXPdB=-20
CFO=8817.288595847143,STO=4
SNRdB=nan,TXPdB=-20
CFO=9515.055032686623,STO=2
SNRdB=nan,TXPdB=-20
CFO=6080.456806799248,STO=5
SNRdB=nan,TXPdB=-20
CFO=5890.19896687585,STO=6
SNRdB=-2.52,TXPdB=-20
CFO=7659.535105606066,STO=6
SNRdB=-0.37,TXPdB=-20
CFO=6806.224153723796,STO=3
SNRdB=nan,TXPdB=-20
CFO=7019.872778344989,STO=4
SNRdB=nan,TXPdB=-20
CFO=7736.376705119018,STO=1
SNRdB=nan,TXPdB=-20
CFO=5484.928034556958,STO=6
SNRdB=-1.63,TXPdB=-20
CFO=8376.955354087047,STO=6
SNRdB=-2.67,TXPdB=-20
CFO=6551.798857464714,STO=3
SNRdB=nan,TXPdB=-20
CFO=6837.920009388567,STO=1
SNRdB=nan,TXPdB=-20
CFO=7090.594922276087,STO=4
SNRdB=nan,TXPdB=-20
CFO=6771.105600695426,STO=4
SNRdB=nan,TXPdB=-20
CFO=9114.747894720014,STO=6
SNRdB=nan,TXPdB=-20
CFO=7615.1561711378745,STO=4
SNRdB=-3.08,TXPdB=-20
CFO=6784.346184483363,STO=6
SNRdB=nan,TXPdB=-20
CFO=8061.079128689894,STO=6
SNRdB=-3.00,TXPdB=-20
CFO=7281.056560396381,STO=4
SNRdB=-4.82,TXPdB=-20
CFO=8445.778675577045,STO=2
SNRdB=nan,TXPdB=-20
CFO=6872.838277654302,STO=1
SNRdB=2.42,TXPdB=-20
CFO=6381.69179462967,STO=7
SNRdB=nan,TXPdB=-20
CFO=8307.828380918603,STO=0
SNRdB=nan,TXPdB=-20
CFO=7166.990462403435,STO=2
SNRdB=nan,TXPdB=-20
CFO=8896.875347987454,STO=0
SNRdB=nan,TXPdB=-20
CFO=6406.066934692443,STO=6
SNRdB=nan,TXPdB=-20
CFO=10017.889484575397,STO=7
SNRdB=-6.80,TXPdB=-20
CFO=8286.72859592961,STO=1
SNRdB=nan,TXPdB=-20
CFO=9276.18036775043,STO=2
SNRdB=nan,TXPdB=-20
CFO=11485.199024687572,STO=1
SNRdB=4.79,TXPdB=-20
CFO=7872.963874344226,STO=1
SNRdB=nan,TXPdB=-20
CFO=7301.085709566182,STO=3
SNRdB=nan,TXPdB=-20
CFO=6409.208573289286,STO=3
SNRdB=-2.67,TXPdB=-20
CFO=6894.436154099715,STO=6
SNRdB=1.65,TXPdB=-20
CFO=9245.774938489492,STO=3
SNRdB=nan,TXPdB=-20
CFO=10388.99327680469,STO=4
SNRdB=nan,TXPdB=-20
CFO=7235.603635600289,STO=5
SNRdB=2.39,TXPdB=-20
CFO=7583.346350890226,STO=0
SNRdB=nan,TXPdB=-20
CFO=8206.68654277689,STO=4
SNRdB=nan,TXPdB=-20
CFO=6124.914355388927,STO=1
SNRdB=nan,TXPdB=-20
CFO=8831.210303709251,STO=3
SNRdB=-2.86,TXPdB=-20
CFO=8813.381061785072,STO=5
SNRdB=nan,TXPdB=-20
CFO=10203.988718259643,STO=0
SNRdB=nan,TXPdB=-20
CFO=9707.493069132734,STO=6
SNRdB=nan,TXPdB=-20
CFO=6975.4455987898455,STO=5
SNRdB=-1.27,TXPdB=-20
CFO=6947.519327541436,STO=6
SNRdB=nan,TXPdB=-20
CFO=8239.00064958289,STO=6
SNRdB=nan,TXPdB=-20
CFO=6311.191661463004,STO=2
SNRdB=3.27,TXPdB=-20
CFO=7999.8264900331615,STO=5
SNRdB=nan,TXPdB=-20
CFO=8632.651223871773,STO=3
SNRdB=nan,TXPdB=-20
CFO=7502.257994686675,STO=3
SNRdB=-2.40,TXPdB=-20
CFO=8144.731836095796,STO=5
SNRdB=-5.99,TXPdB=-20
CFO=10195.282737549536,STO=6
SNRdB=-0.44,TXPdB=-20
CFO=7809.367693774109,STO=2
SNRdB=nan,TXPdB=-20
CFO=5795.046082026458,STO=6
SNRdB=2.15,TXPdB=-20
CFO=8310.51327180381,STO=1
SNRdB=nan,TXPdB=-20
CFO=8334.997517355849,STO=3
SNRdB=nan,TXPdB=-20
CFO=7953.832170135862,STO=6
SNRdB=-5.51,TXPdB=-20
CFO=7943.145399806986,STO=5
SNRdB=-0.46,TXPdB=-20
CFO=7433.383404329838,STO=4
SNRdB=nan,TXPdB=-20
CFO=6765.515428385137,STO=4
SNRdB=nan,TXPdB=-20
CFO=9121.511155055527,STO=6
SNRdB=0.24,TXPdB=-20
CFO=8252.451344538109,STO=2
SNRdB=-1.18,TXPdB=-20
CFO=8779.142874320012,STO=6
SNRdB=nan,TXPdB=-20
CFO=8191.956358640122,STO=3
SNRdB=nan,TXPdB=-20
CFO=6906.838614649839,STO=1
SNRdB=nan,TXPdB=-20
CFO=8170.608427332291,STO=3
SNRdB=nan,TXPdB=-20
CFO=-10359.518003368348,STO=2
SNRdB=-8.38,TXPdB=-20
CFO=6542.349700451542,STO=0
SNRdB=nan,TXPdB=-20
CFO=8670.641062821389,STO=4
SNRdB=1.71,TXPdB=-20
CFO=10476.459250538996,STO=5
SNRdB=nan,TXPdB=-20
CFO=10317.46575533196,STO=6
SNRdB=-13.37,TXPdB=-20
CFO=9365.66216834832,STO=0
SNRdB=nan,TXPdB=-20
CFO=5592.785162937402,STO=2
SNRdB=0.72,TXPdB=-20
CFO=8554.457152137176,STO=3
SNRdB=-9.07,TXPdB=-20
CFO=8636.834382868188,STO=1
SNRdB=nan,TXPdB=-20
CFO=8045.150526478289,STO=5
SNRdB=nan,TXPdB=-20
CFO=6269.973924389637,STO=2
SNRdB=1.15,TXPdB=-20
CFO=7941.826649999764,STO=4
SNRdB=nan,TXPdB=-20
CFO=8135.596166720602,STO=3
SNRdB=-1.73,TXPdB=-20
CFO=8859.377655544004,STO=0
SNRdB=-1.00,TXPdB=-20
CFO=7212.90721073353,STO=1
SNRdB=nan,TXPdB=-20
CFO=6140.012051714403,STO=3
SNRdB=nan,TXPdB=-20
CFO=8617.878390807096,STO=2
SNRdB=-1.82,TXPdB=-20
CFO=8215.089234571913,STO=5
SNRdB=nan,TXPdB=-20
CFO=6555.301726351444,STO=6
SNRdB=nan,TXPdB=-20
CFO=6517.7338250233115,STO=4
SNRdB=-0.13,TXPdB=-20
CFO=8074.282463433804,STO=5
SNRdB=nan,TXPdB=-20
CFO=6250.2511287172665,STO=1
SNRdB=nan,TXPdB=-20
CFO=6625.5309706376975,STO=2
SNRdB=1.45,TXPdB=-20
CFO=9467.307656086825,STO=3
SNRdB=nan,TXPdB=-20
CFO=6769.179029855514,STO=5
SNRdB=nan,TXPdB=-20
CFO=6705.545236582552,STO=0
SNRdB=nan,TXPdB=-20
CFO=8237.223850826624,STO=4
SNRdB=-16.34,TXPdB=-20
CFO=-10522.434820111956,STO=5
SNRdB=0.23,TXPdB=-20
CFO=7486.020719298069,STO=3
SNRdB=nan,TXPdB=-20
CFO=6115.527377471489,STO=1
SNRdB=nan,TXPdB=-20
CFO=-6846.583453262648,STO=6
SNRdB=2.82,TXPdB=-20
CFO=7700.5087933513005,STO=1
SNRdB=nan,TXPdB=-20
CFO=7105.933648619087,STO=3
SNRdB=nan,TXPdB=-20
CFO=5419.473193809299,STO=1
SNRdB=-10.02,TXPdB=-20
CFO=8647.995008391963,STO=1
SNRdB=nan,TXPdB=-20
CFO=6726.853521819243,STO=6
SNRdB=nan,TXPdB=-20
CFO=6292.649253011967,STO=1
SNRdB=nan,TXPdB=-20
CFO=7510.704498667312,STO=4
SNRdB=nan,TXPdB=-20
CFO=9787.729470360491,STO=6
SNRdB=nan,TXPdB=-20
CFO=8378.981973766817,STO=3
SNRdB=0.82,TXPdB=-20
CFO=6770.777228316641,STO=3
SNRdB=nan,TXPdB=-20
CFO=8891.894435402142,STO=1
SNRdB=nan,TXPdB=-20
CFO=7057.7205701805815,STO=7
SNRdB=nan,TXPdB=-20
CFO=6672.2070351886605,STO=2
SNRdB=nan,TXPdB=-20
CFO=6641.546052988425,STO=2
SNRdB=nan,TXPdB=-20
CFO=6812.377927055374,STO=2
SNRdB=-21.64,TXPdB=-20
CFO=6676.50218585295,STO=3
SNRdB=nan,TXPdB=-20
CFO=7158.164020191825,STO=5
SNRdB=nan,TXPdB=-20
CFO=7557.732143571572,STO=0
SNRdB=-0.78,TXPdB=-20
CFO=7369.614339344814,STO=1
SNRdB=nan,TXPdB=-20
CFO=7986.563365998588,STO=5
SNRdB=nan,TXPdB=-20
CFO=7015.313076396745,STO=1
SNRdB=1.12,TXPdB=-20
CFO=9288.746035365895,STO=5
SNRdB=nan,TXPdB=-20
CFO=5749.470796817743,STO=7
SNRdB=0.33,TXPdB=-20
CFO=8333.659549803959,STO=3
SNRdB=nan,TXPdB=-20
CFO=5114.36351959253,STO=5
SNRdB=nan,TXPdB=-20
CFO=8720.548909544874,STO=2
SNRdB=nan,TXPdB=-20
CFO=6254.834050106747,STO=3
SNRdB=nan,TXPdB=-20
CFO=9553.932513742293,STO=6
SNRdB=-0.93,TXPdB=-20
CFO=7076.111739792291,STO=1
SNRdB=1.96,TXPdB=-20
CFO=7146.822500846004,STO=0
SNRdB=nan,TXPdB=-20
CFO=6086.687691397956,STO=5
SNRdB=-14.19,TXPdB=-20
CFO=8947.064237108898,STO=3
SNRdB=5.33,TXPdB=-20
CFO=8505.865351669856,STO=2
SNRdB=-0.37,TXPdB=-20
CFO=8386.679539476849,STO=5
SNRdB=-2.82,TXPdB=-20
CFO=8164.503616534428,STO=7
SNRdB=1.09,TXPdB=-20
CFO=6474.010369536204,STO=5
SNRdB=nan,TXPdB=-20
CFO=8163.669098278852,STO=3
SNRdB=nan,TXPdB=-20
CFO=10255.718552575634,STO=1
SNRdB=1.28,TXPdB=-20
CFO=8939.738882852953,STO=7
SNRdB=-9.88,TXPdB=-20
CFO=9534.976125191943,STO=4
SNRdB=nan,TXPdB=-20
CFO=7436.060432488673,STO=0
SNRdB=nan,TXPdB=-20
CFO=6546.839414987267,STO=4
SNRdB=1.70,TXPdB=-20
CFO=6586.1810009743585,STO=7
SNRdB=nan,TXPdB=-20
CFO=6168.231609505815,STO=0
SNRdB=nan,TXPdB=-20
CFO=11618.138934536517,STO=2
SNRdB=-3.31,TXPdB=-20
CFO=7426.4928697028045,STO=1
SNRdB=nan,TXPdB=-20
CFO=7174.032627873762,STO=4
SNRdB=-9.00,TXPdB=-20
CFO=7452.1414721168085,STO=0
SNRdB=7.72,TXPdB=-20
CFO=6882.955792957606,STO=7
SNRdB=nan,TXPdB=-20
CFO=9429.81777123171,STO=2
SNRdB=nan,TXPdB=-20
CFO=9252.073845901205,STO=7
SNRdB=-0.16,TXPdB=-20
CFO=6772.5103324593965,STO=4
SNRdB=nan,TXPdB=-20
CFO=8487.69499502846,STO=1
SNRdB=nan,TXPdB=-20
CFO=7691.682331259828,STO=7
SNRdB=nan,TXPdB=-20
CFO=7322.647984274057,STO=5
SNRdB=-0.03,TXPdB=-20
CFO=9072.138560682732,STO=7
SNRdB=nan,TXPdB=-20
CFO=7311.438603731596,STO=7
SNRdB=nan,TXPdB=-20
CFO=3111.1318640406166,STO=5
SNRdB=0.39,TXPdB=-20
CFO=8723.842202004542,STO=2
SNRdB=nan,TXPdB=-20
CFO=6046.438341708464,STO=0
SNRdB=-11.42,TXPdB=-20
CFO=7348.12065204938,STO=7
SNRdB=2.35,TXPdB=-20
CFO=7434.8763443822945,STO=5
SNRdB=-1.02,TXPdB=-20
CFO=12218.650180678604,STO=1
SNRdB=-4.62,TXPdB=-20
CFO=9758.954757129564,STO=3
SNRdB=2.31,TXPdB=-20
CFO=7773.52640041697,STO=7
SNRdB=nan,TXPdB=-20
CFO=9866.91946989524,STO=4
SNRdB=nan,TXPdB=-20
CFO=7702.046113854404,STO=2
SNRdB=2.79,TXPdB=-20
CFO=6554.134736960026,STO=6
SNRdB=nan,TXPdB=-20
CFO=9093.641741076957,STO=3
SNRdB=nan,TXPdB=-20
CFO=7372.189689062057,STO=7
SNRdB=-3.76,TXPdB=-20
CFO=7281.664517593518,STO=0
SNRdB=nan,TXPdB=-20
CFO=8554.860466761535,STO=5
SNRdB=nan,TXPdB=-20
CFO=8490.636566747007,STO=1
SNRdB=-2.46,TXPdB=-20
CFO=9313.50989540797,STO=6
SNRdB=nan,TXPdB=-20
CFO=8225.202118396155,STO=3
SNRdB=nan,TXPdB=-20
CFO=9197.182473530922,STO=7
SNRdB=nan,TXPdB=-20
CFO=7886.058120790139,STO=2
SNRdB=-6.50,TXPdB=-20
CFO=7000.023659081305,STO=5
SNRdB=nan,TXPdB=-20
CFO=8984.903110006426,STO=6
SNRdB=-2.31,TXPdB=-20
CFO=8318.235971638247,STO=3
SNRdB=nan,TXPdB=-20
CFO=9667.100253240382,STO=2
SNRdB=nan,TXPdB=-20
CFO=7891.959450004988,STO=3
SNRdB=nan,TXPdB=-20
CFO=8719.269151350318,STO=5
SNRdB=1.60,TXPdB=-20
CFO=5977.62744882926,STO=3
SNRdB=-2.35,TXPdB=-20
CFO=8641.749138121717,STO=3
SNRdB=3.42,TXPdB=-20
CFO=6967.0727103413765,STO=3
SNRdB=nan,TXPdB=-20
CFO=5963.470120746908,STO=5
SNRdB=-3.95,TXPdB=-20
CFO=7749.344978062459,STO=7
SNRdB=nan,TXPdB=-20
CFO=6551.908810242436,STO=7
SNRdB=-3.87,TXPdB=-20
CFO=10260.258043373493,STO=7
SNRdB=nan,TXPdB=-20
CFO=6091.931664763163,STO=0
SNRdB=-2.34,TXPdB=-20
CFO=7357.791714785713,STO=1
SNRdB=-3.21,TXPdB=-20
CFO=6798.064967314723,STO=3
SNRdB=nan,TXPdB=-20
CFO=12021.69697969743,STO=3
SNRdB=nan,TXPdB=-20
CFO=6661.119567367474,STO=0
SNRdB=-3.84,TXPdB=-20
CFO=7030.6272234121,STO=4
SNRdB=nan,TXPdB=-20
CFO=6510.363300291972,STO=0
SNRdB=nan,TXPdB=-20
CFO=9602.472987815103,STO=2
SNRdB=2.32,TXPdB=-20
CFO=7262.53319318843,STO=5
SNRdB=nan,TXPdB=-20
CFO=8189.454051912076,STO=6
SNRdB=nan,TXPdB=-20
CFO=6953.878344848998,STO=6
SNRdB=-2.70,TXPdB=-20
CFO=6848.567505172971,STO=3
SNRdB=nan,TXPdB=-20
CFO=9110.837524809838,STO=3
SNRdB=nan,TXPdB=-20
CFO=9494.055021695094,STO=3
SNRdB=2.40,TXPdB=-20
CFO=6703.984456305972,STO=5
SNRdB=nan,TXPdB=-20
CFO=9666.04329042017,STO=6
SNRdB=nan,TXPdB=-20
CFO=8934.705812038053,STO=4
SNRdB=nan,TXPdB=-20
CFO=8848.572226684519,STO=4
SNRdB=nan,TXPdB=-20
CFO=8667.800253290161,STO=1
SNRdB=2.74,TXPdB=-20
CFO=8134.573452968878,STO=3
SNRdB=nan,TXPdB=-20
CFO=-11797.59260301766,STO=5
SNRdB=0.84,TXPdB=-20
CFO=6844.526752705836,STO=5
SNRdB=nan,TXPdB=-20
CFO=6723.610425576765,STO=4
SNRdB=nan,TXPdB=-20
CFO=7159.923332532943,STO=0
SNRdB=nan,TXPdB=-20
CFO=6804.150637264931,STO=5
SNRdB=nan,TXPdB=-20
CFO=6915.309223790464,STO=2
SNRdB=-3.90,TXPdB=-20
CFO=6339.980485480661,STO=6
SNRdB=-3.26,TXPdB=-20
CFO=8644.201997857379,STO=2
SNRdB=nan,TXPdB=-20
CFO=6643.848245278931,STO=3
SNRdB=nan,TXPdB=-20
CFO=12056.131926123298,STO=2
SNRdB=-0.21,TXPdB=-20
CFO=8452.319164828057,STO=1
SNRdB=nan,TXPdB=-20
CFO=6601.515526000177,STO=3
SNRdB=nan,TXPdB=-20
CFO=6728.567217287702,STO=7
SNRdB=-10.79,TXPdB=-20
CFO=6516.2244206758505,STO=6
SNRdB=-2.48,TXPdB=-20
CFO=7921.746888066938,STO=5
SNRdB=nan,TXPdB=-20
CFO=7021.554376994254,STO=1
SNRdB=nan,TXPdB=-20
CFO=7619.416290693368,STO=0
SNRdB=nan,TXPdB=-20
CFO=9394.492709087954,STO=0
SNRdB=nan,TXPdB=-20
CFO=7883.398879924437,STO=3
SNRdB=nan,TXPdB=-20
CFO=8866.223787837642,STO=6
SNRdB=nan,TXPdB=-20
CFO=8554.466907745693,STO=7
SNRdB=-0.94,TXPdB=-20
CFO=8181.658817995483,STO=5
SNRdB=nan,TXPdB=-20
CFO=7274.157453888119,STO=1
SNRdB=nan,TXPdB=-20
CFO=7504.663810818665,STO=6
SNRdB=nan,TXPdB=-20
CFO=4024.0859868929906,STO=2
SNRdB=nan,TXPdB=-20
CFO=7366.522590357722,STO=1
SNRdB=-4.86,TXPdB=-20
CFO=7440.758230709294,STO=4
SNRdB=nan,TXPdB=-20
CFO=9830.332339910192,STO=6
SNRdB=nan,TXPdB=-20
CFO=9462.010553527956,STO=4
SNRdB=-7.22,TXPdB=-20
CFO=8324.938919794075,STO=1
SNRdB=nan,TXPdB=-20
CFO=7066.1338505309795,STO=1
SNRdB=nan,TXPdB=-20
CFO=6839.516497020598,STO=3
SNRdB=-3.51,TXPdB=-20
CFO=7099.186897079945,STO=2
SNRdB=-0.50,TXPdB=-20
CFO=8752.040406685523,STO=5
SNRdB=nan,TXPdB=-20
CFO=5768.495210768071,STO=2
SNRdB=nan,TXPdB=-20
CFO=5878.735641296115,STO=2
SNRdB=5.48,TXPdB=-20
CFO=7483.492939177582,STO=3
SNRdB=nan,TXPdB=-20
CFO=9162.491524607756,STO=2
SNRdB=nan,TXPdB=-20
CFO=7134.312933738662,STO=1
SNRdB=nan,TXPdB=-20
CFO=8048.208126719642,STO=7
SNRdB=-0.15,TXPdB=-20
CFO=6096.538088138223,STO=1
SNRdB=nan,TXPdB=-20
CFO=8930.56678021974,STO=1
SNRdB=nan,TXPdB=-20
CFO=5538.411069179343,STO=3
SNRdB=1.33,TXPdB=-20
CFO=8968.654632748465,STO=0
SNRdB=nan,TXPdB=-20
CFO=6751.977930287142,STO=6
SNRdB=nan,TXPdB=-20
CFO=11127.57919645619,STO=0
SNRdB=-4.88,TXPdB=-20
CFO=9332.066013229576,STO=6
SNRdB=-1.34,TXPdB=-20
CFO=7821.910682697026,STO=1
SNRdB=nan,TXPdB=-20
CFO=10697.053142344686,STO=6
SNRdB=nan,TXPdB=-20
CFO=10070.942265392525,STO=1
SNRdB=nan,TXPdB=-20
CFO=8066.610510052692,STO=0
SNRdB=nan,TXPdB=-20
CFO=5782.182148220051,STO=5
SNRdB=-8.09,TXPdB=-20
CFO=8098.763047937985,STO=0
SNRdB=-4.91,TXPdB=-20
CFO=9362.674850855592,STO=3
SNRdB=nan,TXPdB=-20
CFO=8512.812355970198,STO=5
SNRdB=nan,TXPdB=-20
CFO=8281.772122880488,STO=0
SNRdB=-1.05,TXPdB=-20
CFO=6574.031038390627,STO=6
SNRdB=-1.44,TXPdB=-20
CFO=9037.655041232132,STO=5
SNRdB=-0.29,TXPdB=-20
CFO=6526.779147996734,STO=0
SNRdB=nan,TXPdB=-20
CFO=7155.584544775066,STO=3
SNRdB=1.94,TXPdB=-20
CFO=8125.509935350522,STO=5
SNRdB=nan,TXPdB=-20
CFO=6235.061984579297,STO=6
SNRdB=nan,TXPdB=-20
CFO=9616.522253294019,STO=4
SNRdB=nan,TXPdB=-20
CFO=7748.443869233392,STO=3
SNRdB=0.42,TXPdB=-20
CFO=12423.058086855486,STO=6
SNRdB=nan,TXPdB=-20
CFO=8866.326507984477,STO=2
SNRdB=nan,TXPdB=-20
CFO=9058.898410839864,STO=5
SNRdB=0.54,TXPdB=-20
CFO=7743.7516645958085,STO=2
SNRdB=nan,TXPdB=-20
CFO=8555.491592345097,STO=6
SNRdB=nan,TXPdB=-20
CFO=6848.335223901604,STO=7
SNRdB=nan,TXPdB=-20
CFO=617.3279352314437,STO=7
SNRdB=nan,TXPdB=-20
CFO=10211.706800675507,STO=5
SNRdB=nan,TXPdB=-20
CFO=7267.5788220748145,STO=6
SNRdB=-1.08,TXPdB=-20
CFO=-12027.488511658248,STO=6
SNRdB=3.40,TXPdB=-20
CFO=7361.251532687393,STO=2
SNRdB=nan,TXPdB=-20
CFO=9994.386604677777,STO=7
SNRdB=nan,TXPdB=-20
CFO=6054.676191648745,STO=4
SNRdB=0.38,TXPdB=-20
CFO=6055.810101144278,STO=4
SNRdB=nan,TXPdB=-20
CFO=8507.088859293423,STO=6
SNRdB=nan,TXPdB=-20
CFO=11010.080006402293,STO=0
SNRdB=nan,TXPdB=-20
CFO=6624.717437610047,STO=4
SNRdB=0.10,TXPdB=-20
CFO=8295.23931176441,STO=7
SNRdB=nan,TXPdB=-20
CFO=9128.979416128423,STO=3
SNRdB=nan,TXPdB=-20
CFO=8324.922460597412,STO=5
SNRdB=0.23,TXPdB=-20
CFO=6888.687733523394,STO=3
SNRdB=nan,TXPdB=-20
CFO=6203.662041737709,STO=2
SNRdB=nan,TXPdB=-20
CFO=8919.641925110038,STO=4
SNRdB=nan,TXPdB=-20
CFO=8726.224054592682,STO=5
SNRdB=nan,TXPdB=-20
CFO=8070.543089398279,STO=4
SNRdB=nan,TXPdB=-20
CFO=8220.9436995795,STO=6
SNRdB=nan,TXPdB=-20
CFO=8105.797350778417,STO=1
SNRdB=1.32,TXPdB=-20
CFO=7818.437031351246,STO=4
SNRdB=nan,TXPdB=-20
CFO=7229.429861529686,STO=3
SNRdB=nan,TXPdB=-20
CFO=9119.156509631986,STO=4
SNRdB=3.03,TXPdB=-20
CFO=8083.692396170694,STO=4
SNRdB=-4.19,TXPdB=-20
CFO=8791.368436348579,STO=2
SNRdB=0.71,TXPdB=-20
CFO=7245.8439549183595,STO=3
SNRdB=nan,TXPdB=-20
CFO=6756.908571846694,STO=4
SNRdB=nan,TXPdB=-20
CFO=6500.6920819539755,STO=6
SNRdB=nan,TXPdB=-20
CFO=7967.952008629595,STO=0
SNRdB=1.82,TXPdB=-20
CFO=7624.237236082263,STO=6
SNRdB=nan,TXPdB=-20
CFO=6142.963462522445,STO=7
SNRdB=nan,TXPdB=-20
CFO=9601.52984896463,STO=3
SNRdB=-11.14,TXPdB=-20
CFO=7192.484430640624,STO=2
SNRdB=nan,TXPdB=-20
CFO=7534.797823943471,STO=7
SNRdB=-9.46,TXPdB=-20
CFO=6946.298915509171,STO=1
SNRdB=2.48,TXPdB=-20
CFO=7823.572212211612,STO=3
SNRdB=nan,TXPdB=-20
CFO=8579.750247418695,STO=2
SNRdB=nan,TXPdB=-20
CFO=6969.93517969617,STO=2
SNRdB=nan,TXPdB=-20
CFO=10701.584817501353,STO=5
SNRdB=nan,TXPdB=-20
CFO=8025.857080929676,STO=5
SNRdB=1.82,TXPdB=-20
CFO=7517.174644553934,STO=0
SNRdB=nan,TXPdB=-20
CFO=7066.988284653023,STO=7
SNRdB=nan,TXPdB=-20
CFO=8908.972748224569,STO=4
SNRdB=nan,TXPdB=-20
CFO=7477.714844506287,STO=5
SNRdB=nan,TXPdB=-20
CFO=8656.768132044768,STO=7
SNRdB=nan,TXPdB=-20
CFO=7044.122225466525,STO=1
SNRdB=nan,TXPdB=-20
CFO=6965.568278810491,STO=6
SNRdB=-0.88,TXPdB=-20
CFO=7267.383718731823,STO=4
SNRdB=-5.50,TXPdB=-20
CFO=7338.182921391298,STO=6
SNRdB=nan,TXPdB=-20
CFO=8545.393492106186,STO=3
SNRdB=nan,TXPdB=-20
CFO=6697.379154892403,STO=2
SNRdB=nan,TXPdB=-20
CFO=7971.854475887392,STO=4
SNRdB=nan,TXPdB=-20
CFO=6836.33865865715,STO=7
SNRdB=nan,TXPdB=-20
CFO=5755.394155602337,STO=1
SNRdB=-4.26,TXPdB=-20
CFO=8055.7355813114855,STO=4
SNRdB=nan,TXPdB=-20
CFO=6102.942360202728,STO=3
SNRdB=nan,TXPdB=-20
CFO=5706.961171204482,STO=4
SNRdB=nan,TXPdB=-20
CFO=6190.757405547634,STO=7
SNRdB=-4.52,TXPdB=-20
CFO=5673.7191586837625,STO=3
SNRdB=-0.89,TXPdB=-20
CFO=6237.703079351622,STO=4
SNRdB=nan,TXPdB=-20
CFO=9181.592891321367,STO=0
SNRdB=nan,TXPdB=-20
CFO=9804.169614118722,STO=3
SNRdB=nan,TXPdB=-20
CFO=8636.128474471725,STO=0
SNRdB=2.06,TXPdB=-20
CFO=5911.403059105968,STO=3
SNRdB=nan,TXPdB=-20
CFO=7902.00085038036,STO=6
SNRdB=2.20,TXPdB=-20
CFO=7586.708638566979,STO=4
SNRdB=nan,TXPdB=-20
CFO=5963.841013781974,STO=7
SNRdB=nan,TXPdB=-20
CFO=8924.87697108808,STO=6
SNRdB=-1.68,TXPdB=-20
CFO=8443.759099941084,STO=3
SNRdB=nan,TXPdB=-20
CFO=7680.82772919972,STO=3
SNRdB=-5.36,TXPdB=-20
CFO=9756.877646729625,STO=6
SNRdB=nan,TXPdB=-20
CFO=7686.016626826152,STO=7
SNRdB=nan,TXPdB=-20
CFO=7188.231507974734,STO=7
SNRdB=nan,TXPdB=-20
CFO=7355.469382526926,STO=2
SNRdB=-1.06,TXPdB=-20
CFO=8145.379994158866,STO=7
SNRdB=nan,TXPdB=-20
CFO=7737.848967202566,STO=3
SNRdB=2.46,TXPdB=-20
CFO=8423.46911603151,STO=0
SNRdB=nan,TXPdB=-20
CFO=8631.83294020896,STO=6
SNRdB=nan,TXPdB=-20
CFO=6990.668499049713,STO=1
SNRdB=nan,TXPdB=-20
CFO=8825.103436335694,STO=4
SNRdB=nan,TXPdB=-20
CFO=7228.861031337147,STO=2
SNRdB=nan,TXPdB=-20
CFO=7672.988324191324,STO=7
SNRdB=nan,TXPdB=-20
CFO=8067.205132042735,STO=2
SNRdB=-2.15,TXPdB=-20
CFO=7294.117671214473,STO=6
SNRdB=-5.75,TXPdB=-20
CFO=9067.645310332697,STO=0
SNRdB=nan,TXPdB=-20
CFO=8780.21682958386,STO=7
SNRdB=nan,TXPdB=-20
CFO=8953.500703415133,STO=5
SNRdB=2.01,TXPdB=-20
CFO=7161.796760758121,STO=0
SNRdB=nan,TXPdB=-20
CFO=6891.267979073674,STO=2
SNRdB=nan,TXPdB=-20
CFO=7830.20896756413,STO=2
SNRdB=nan,TXPdB=-20
CFO=8330.764948782067,STO=1
SNRdB=-3.64,TXPdB=-20
CFO=8808.986608117615,STO=2
SNRdB=nan,TXPdB=-20
CFO=8745.157000859199,STO=1
SNRdB=nan,TXPdB=-20
CFO=6269.898907146382,STO=0
SNRdB=nan,TXPdB=-20
CFO=8816.13472920121,STO=3
SNRdB=-3.54,TXPdB=-20
CFO=7239.333864061249,STO=4
SNRdB=nan,TXPdB=-20
CFO=1517.0846026659162,STO=2
SNRdB=nan,TXPdB=-20
CFO=6431.537245756562,STO=3
SNRdB=nan,TXPdB=-20
CFO=-7528.969130734209,STO=6
SNRdB=3.59,TXPdB=-20
CFO=7172.4598677552885,STO=1
SNRdB=nan,TXPdB=-20
CFO=6981.258989534972,STO=2
SNRdB=-2.82,TXPdB=-20
CFO=7967.067087443439,STO=0
SNRdB=-3.35,TXPdB=-20
CFO=7613.922541184193,STO=0
SNRdB=nan,TXPdB=-20
CFO=6271.520046901534,STO=6
SNRdB=nan,TXPdB=-20
CFO=5481.588597568927,STO=5
SNRdB=1.97,TXPdB=-20
CFO=8305.861248497342,STO=4
SNRdB=nan,TXPdB=-20
CFO=8142.388302581481,STO=4
SNRdB=-1.13,TXPdB=-20
CFO=7211.31222711623,STO=6
SNRdB=-2.89,TXPdB=-20
CFO=6649.835718616586,STO=5
SNRdB=nan,TXPdB=-20
CFO=7909.688801782947,STO=3
SNRdB=nan,TXPdB=-20
CFO=8259.27990690567,STO=0
SNRdB=-1.37,TXPdB=-20
CFO=7726.554405684017,STO=4
SNRdB=nan,TXPdB=-20
CFO=6714.333976783841,STO=5
SNRdB=nan,TXPdB=-20
CFO=6098.114449011467,STO=7
SNRdB=2.41,TXPdB=-20
CFO=8569.241152766428,STO=6
SNRdB=nan,TXPdB=-20
CFO=5912.958854398339,STO=3
SNRdB=-9.12,TXPdB=-20
CFO=7338.134724158835,STO=4
SNRdB=nan,TXPdB=-20
CFO=8197.155662962443,STO=4
SNRdB=nan,TXPdB=-20
CFO=6658.001000947191,STO=1
SNRdB=2.16,TXPdB=-20
CFO=7733.632646007408,STO=1
SNRdB=nan,TXPdB=-20
CFO=7624.39763536071,STO=1
SNRdB=nan,TXPdB=-20
CFO=-6777.614226503928,STO=5
SNRdB=0.73,TXPdB=-20
CFO=7275.254040826854,STO=2
SNRdB=-4.56,TXPdB=-20
CFO=7336.952508549146,STO=5
SNRdB=nan,TXPdB=-20
CFO=8140.592136820787,STO=5
SNRdB=nan,TXPdB=-20
CFO=6608.411031603589,STO=3
SNRdB=2.19,TXPdB=-20
CFO=6521.101489447621,STO=7
SNRdB=-5.17,TXPdB=-20
CFO=8649.801629194428,STO=4
SNRdB=nan,TXPdB=-20
CFO=8771.945632748664,STO=0
SNRdB=-2.41,TXPdB=-20
CFO=6990.636809041005,STO=6
SNRdB=nan,TXPdB=-20
CFO=10629.131137188351,STO=5
SNRdB=2.11,TXPdB=-20
CFO=6694.2260152580275,STO=1
SNRdB=-1.55,TXPdB=-20
CFO=8996.67551946532,STO=0
SNRdB=nan,TXPdB=-20
CFO=6471.214740586972,STO=3
SNRdB=nan,TXPdB=-20
CFO=7270.834640403466,STO=1
SNRdB=nan,TXPdB=-20
CFO=7085.246311261964,STO=1
SNRdB=nan,TXPdB=-20
CFO=6982.027999755608,STO=1
SNRdB=nan,TXPdB=-20
CFO=6598.4767410647,STO=1
SNRdB=2.34,TXPdB=-20
CFO=7156.8810808383005,STO=3
SNRdB=nan,TXPdB=-20
CFO=7998.810975184747,STO=5
SNRdB=nan,TXPdB=-20
CFO=9847.979720556847,STO=2
SNRdB=nan,TXPdB=-20
CFO=-12011.341990860983,STO=4
SNRdB=nan,TXPdB=-20
CFO=5442.542559287948,STO=3
SNRdB=1.70,TXPdB=-20
CFO=8181.652989443291,STO=1
SNRdB=nan,TXPdB=-20
CFO=5666.901550932032,STO=6
SNRdB=-6.32,TXPdB=-20
CFO=7618.617959018597,STO=7
SNRdB=nan,TXPdB=-20
CFO=6662.9710458842255,STO=7
SNRdB=2.09,TXPdB=-20
CFO=7440.50842002719,STO=2
SNRdB=nan,TXPdB=-20
CFO=10512.90441399834,STO=0
SNRdB=-3.85,TXPdB=-20
CFO=7120.8273742227875,STO=5
SNRdB=nan,TXPdB=-20
CFO=6703.1620078023125,STO=6
SNRdB=nan,TXPdB=-20
CFO=7713.2477981090615,STO=2
SNRdB=5.89,TXPdB=-20
CFO=8432.202466547522,STO=1
SNRdB=nan,TXPdB=-20
CFO=7456.811606394759,STO=1
SNRdB=nan,TXPdB=-20
CFO=9024.136288372303,STO=4
SNRdB=-5.01,TXPdB=-20
CFO=6847.198776926406,STO=0
SNRdB=-7.63,TXPdB=-20
CFO=7080.879637988153,STO=0
SNRdB=nan,TXPdB=-20
CFO=7964.440194869773,STO=4
SNRdB=nan,TXPdB=-20
CFO=9887.793950158868,STO=5
SNRdB=nan,TXPdB=-20
CFO=8055.256573525614,STO=0
SNRdB=-8.58,TXPdB=-20
CFO=6328.653602494412,STO=6
SNRdB=nan,TXPdB=-20
CFO=8848.279254091065,STO=7
SNRdB=-6.43,TXPdB=-20
CFO=7400.408403560607,STO=5
SNRdB=-0.73,TXPdB=-20
CFO=7432.649600474884,STO=1
SNRdB=nan,TXPdB=-20
CFO=273.8859346600812,STO=6
SNRdB=-2.50,TXPdB=-20
