CFO=-10863.122079437793,STO=2
SNRdB=-0.01,TXPdB=-25
CFO=10379.98905466153,STO=3
SNRdB=2.69,TXPdB=-25
CFO=9753.120734855347,STO=1
SNRdB=nan,TXPdB=-25
packet_number=1,correct=False,payload=[239,255,254,127,127,239,255,255,255,255,255,127,251,63,239,254,223,251,255,239,255,239,255,191,255,255,255,239,235,255,127,255,255,255,255,255,255,255,255,255,255,255,255,255,63,127,255,255,207,79,254,183,255,255,223,255,255,255,255,247,255,255,255,251,255,255,255,255,255,255,246,255,255,255,255,127,255,191,254,253,255,255,255,255,255,255,255,255,223,255,231,255,255,127,255,255,255,255,255,255]
packet_number=2,correct=False,payload=[32,83,128,2,34,33,66,34,2,4,0,67,0,18,32,1,17,64,0,68,65,32,0,0,1,42,5,232,32,4,4,8,0,0,4,0,6,0,0,67,0,0,4,64,164,29,9,136,8,129,1,96,16,0,6,0,0,0,194,2,128,1,1,1,6,2,22,5,6,0,0,40,32,8,8,113,0,2,8,65,75,0,130,96,12,0,0,128,131,178,0,9,16,134,64,3,76,1,56,28]
CFO=4340.860965712898,STO=1
SNRdB=nan,TXPdB=-25
packet_number=3,correct=False,payload=[0,2,0,134,9,40,7,0,25,74,20,81,153,92,2,0,244,58,196,144,35,134,41,112,75,23,10,129,52,74,147,15,176,16,174,135,6,190,190,83,232,172,75,136,5,89,78,209,38,33,71,194,161,5,204,47,42,206,175,96,92,106,39,164,30,84,72,131,253,69,72,19,178,116,169,148,49,234,215,121,32,76,33,128,209,99,127,16,78,82,24,16,42,50,23,81,128,205,81,143]
CFO=9363.033322875657,STO=5
SNRdB=nan,TXPdB=-25
CFO=6213.305321448715,STO=7
SNRdB=nan,TXPdB=-25
packet_number=4,correct=False,payload=[0,0,4,6,19,104,196,80,218,74,44,123,128,64,75,122,71,195,196,90,69,72,213,36,10,212,78,134,76,48,157,34,16,48,253,13,78,106,142,81,10,220,169,16,132,47,147,78,70,52,98,81,35,175,12,75,82,37,146,226,142,8,59,16,65,161,0,196,41,72,244,8,75,216,73,0,66,38,2,68,81,81,100,16,2,4,6,36,162,0,40,141,55,74,32,165,18,33,76,50]
packet_number=5,correct=False,payload=[0,2,4,14,9,176,93,190,130,16,18,161,2,96,144,150,201,55,2,128,236,16,48,10,27,0,144,203,4,178,24,0,160,145,12,131,4,1,4,0,164,132,0,7,224,71,2,246,80,67,44,36,30,67,1,129,66,66,194,160,48,34,116,46,51,81,9,199,0,104,41,143,128,10,149,154,128,133,0,55,71,144,84,2,81,128,92,206,26,79,154,128,43,12,66,124,40,226,7,5]
packet_number=6,correct=False,payload=[0,1,2,6,9,180,15,21,162,46,128,211,143,53,32,72,0,0,12,96,69,1,41,92,18,131,163,44,138,49,102,36,32,4,100,8,86,70,137,160,80,32,18,94,14,26,148,104,113,158,74,161,219,76,202,192,155,18,14,16,44,146,24,42,130,0,6,27,12,19,253,219,255,33,218,18,193,154,226,96,22,42,142,16,83,32,20,236,154,6,10,108,184,115,90,5,20,0,128,1]
CFO=6365.951810516001,STO=1
SNRdB=nan,TXPdB=-25
CFO=6522.137275360044,STO=5
SNRdB=4.27,TXPdB=-25
CFO=8816.395863375023,STO=6
SNRdB=nan,TXPdB=-25
packet_number=7,correct=False,payload=[0,2,4,6,19,104,9,32,13,0,11,16,64,116,0,128,65,129,130,82,216,194,132,72,18,1,149,7,86,250,130,187,66,32,133,64,2,104,129,132,137,30,133,1,200,36,24,42,84,8,200,18,34,1,112,84,36,4,5,1,32,32,16,40,72,36,25,130,0,37,41,133,10,174,0,0,97,5,136,40,41,0,12,5,37,9,9,183,128,1,64,128,0,3,123,33,208,2,34,32]
packet_number=8,correct=False,payload=[0,129,3,4,106,49,6,3,20,4,43,132,158,144,61,64,191,166,33,224,64,5,34,195,132,0,16,132,16,32,32,0,0,0,4,32,0,144,0,0,1,48,0,0,20,35,80,1,64,64,66,132,79,98,2,5,0,1,9,0,8,0,8,0,145,140,0,98,32,17,0,16,8,0,52,8,1,160,192,32,0,134,53,0,6,4,8,132,32,0,0,64,80,42,65,133,58,132,12,8]
CFO=10208.4438614557,STO=2
SNRdB=-0.01,TXPdB=-25
packet_number=9,correct=False,payload=[0,2,4,4,19,104,82,33,149,24,34,0,32,156,77,159,224,74,245,168,249,100,0,1,2,193,43,128,2,0,52,88,16,227,122,12,72,15,36,172,129,196,54,129,11,7,198,164,116,32,226,25,101,2,80,64,56,32,5,252,33,169,202,112,192,116,16,13,212,45,42,0,42,177,40,198,138,163,33,16,208,131,24,133,16,40,8,7,136,142,8,70,97,1,23,77,224,131,138,208]
CFO=8814.314287723211,STO=4
SNRdB=-0.03,TXPdB=-25
CFO=8004.831083369042,STO=4
SNRdB=nan,TXPdB=-25
packet_number=10,correct=False,payload=[0,2,8,4,18,96,0,0,32,0,64,0,17,128,32,1,0,32,0,0,131,8,49,4,18,0,130,92,8,32,101,75,6,1,199,80,136,11,34,20,58,0,40,18,4,59,96,2,90,20,144,1,0,8,192,0,8,0,0,0,16,0,1,66,0,18,20,40,140,8,4,0,0,34,17,0,0,0,0,0,0,64,1,96,0,40,16,0,3,104,57,112,82,144,52,66,105,64,129,0]
packet_number=11,correct=False,payload=[1,224,32,100,0,102,0,0,0,0,0,0,3,1,83,33,100,0,8,1,51,0,192,68,2,28,0,0,2,2,26,1,1,0,202,0,0,1,72,16,2,48,228,145,232,128,232,17,132,1,0,0,6,132,0,34,0,0,0,136,192,38,230,246,198,0,74,228,24,0,145,64,5,35,9,4,232,64,1,2,137,49,16,35,26,0,193,6,1,32,132,120,220,110,66,61,101,0,0,130]
CFO=5863.389935266781,STO=1
SNRdB=nan,TXPdB=-25
CFO=8119.217615235752,STO=6
SNRdB=3.21,TXPdB=-25
packet_number=12,correct=False,payload=[2,128,65,2,68,11,94,152,210,201,144,135,52,14,0,176,66,9,132,64,144,161,103,4,8,82,19,134,129,229,132,105,130,75,59,46,138,140,1,144,65,133,16,144,24,113,233,97,114,22,64,73,50,3,235,203,76,4,8,151,65,12,213,232,12,129,143,108,0,164,74,17,243,64,134,64,6,28,66,129,235,132,2,160,16,144,74,8,50,31,8,69,155,255,23,76,193,73,20,102]
CFO=9290.297113384859,STO=4
SNRdB=-9.58,TXPdB=-25
packet_number=13,correct=False,payload=[0,2,4,6,11,104,19,19,101,85,41,105,108,80,16,116,0,100,160,68,24,71,145,144,0,129,12,65,128,4,132,16,25,16,70,140,1,20,10,67,8,35,24,184,200,34,17,16,2,68,16,32,226,8,152,108,4,65,170,130,104,16,138,128,0,16,76,137,100,132,6,8,82,5,128,160,36,80,132,184,162,64,4,9,0,17,24,14,8,64,0,26,91,225,8,128,4,9,8,200]
packet_number=14,correct=False,payload=[100,238,0,2,4,6,17,104,0,16,183,1,96,6,0,8,6,87,16,0,64,4,160,32,4,0,16,0,0,2,40,38,36,68,0,9,64,44,128,138,0,8,0,0,128,2,0,8,118,16,0,92,164,16,128,16,2,0,33,131,0,64,64,1,144,0,16,2,128,8,168,37,0,97,16,136,25,0,0,12,0,108,2,16,144,128,128,40,129,3,2,4,0,0,1,128,141,99,144,43]
packet_number=15,correct=False,payload=[73,110,0,2,8,12,19,96,54,162,129,44,164,0,132,16,0,17,128,98,34,18,117,2,150,67,176,4,18,150,146,255,225,192,118,33,8,168,128,69,245,201,121,108,245,153,40,104,19,28,32,38,96,181,34,0,32,51,0,213,150,160,161,200,137,76,41,57,8,59,160,148,57,17,29,197,107,69,93,73,129,90,119,62,2,33,51,11,176,1,7,45,43,27,73,18,198,71,160,128]
CFO=7890.368942578604,STO=3
SNRdB=nan,TXPdB=-25
CFO=6332.717094997359,STO=6
SNRdB=nan,TXPdB=-25
packet_number=16,correct=False,payload=[0,2,4,6,11,32,149,114,160,85,97,96,26,1,0,240,0,34,6,32,16,1,40,128,0,24,4,0,64,18,0,1,240,4,130,76,134,35,3,160,36,128,100,0,144,1,10,76,12,10,7,10,93,160,91,41,176,40,1,0,1,0,192,68,32,70,72,146,153,3,84,24,128,152,64,135,0,32,0,16,84,16,48,160,44,64,32,128,152,0,16,194,98,32,25,96,0,64,1,8]
packet_number=17,correct=False,payload=[0,2,4,6,11,104,1,2,2,64,147,172,1,114,85,192,78,83,52,34,0,45,84,205,18,8,64,162,29,189,152,68,26,28,84,1,234,194,248,223,129,143,99,210,119,2,130,181,164,153,2,121,168,19,0,252,102,37,140,18,160,101,4,130,12,72,245,54,131,208,56,206,166,99,138,17,35,101,3,213,8,16,136,4,70,81,58,12,51,214,13,48,86,98,55,35,224,16,128,56]
CFO=5991.462046389813,STO=6
SNRdB=nan,TXPdB=-25
packet_number=18,correct=False,payload=[0,2,8,12,19,104,152,80,131,130,215,2,65,9,100,17,21,181,21,9,20,21,164,0,69,21,7,65,232,33,132,218,140,2,80,42,12,92,168,167,1,75,78,16,135,171,32,111,77,38,6,42,43,23,29,188,0,127,73,86,192,47,50,29,134,129,3,89,112,74,40,160,90,132,170,113,8,168,160,97,33,208,247,11,118,51,202,243,64,33,131,115,26,205,193,38,180,32,17,177]
CFO=8514.07128183419,STO=5
SNRdB=-1.29,TXPdB=-25
CFO=5866.399309557879,STO=2
SNRdB=-8.45,TXPdB=-25
CFO=8362.275181755791,STO=2
packet_number=19,correct=False,payload=[0,2,4,12,18,80,1,0,0,0,0,12,0,48,128,0,16,0,1,5,0,2,0,16,64,6,12,32,32,160,0,1,124,22,0,16,0,0,0,237,0,32,0,0,129,64,32,0,0,4,2,8,0,0,0,4,64,96,25,0,64,2,8,32,64,27,97,0,0,0,0,0,0,16,164,160,8,0,32,128,0,0,0,4,128,1,0,32,8,4,0,0,0,0,0,16,192,2,0,2]
SNRdB=nan,TXPdB=-25
packet_number=20,correct=False,payload=[0,2,8,12,22,208,11,136,54,210,82,148,8,84,21,75,137,72,58,180,95,9,79,54,217,163,118,32,17,4,66,36,115,8,130,112,0,15,128,16,161,8,16,0,67,0,28,128,52,73,196,88,10,96,166,49,0,1,129,0,129,176,74,141,1,1,144,160,68,40,35,123,33,148,108,1,245,50,86,112,128,117,234,187,130,19,123,80,10,153,158,160,212,56,15,146,37,35,189,60]
packet_number=21,correct=False,payload=[0,2,130,6,9,180,133,199,62,175,209,86,61,30,26,197,220,78,9,140,32,151,1,178,20,133,102,117,22,70,120,135,39,241,139,97,16,0,95,19,3,111,87,4,128,1,27,140,177,239,60,1,98,53,242,127,201,44,142,29,148,0,33,6,136,116,43,1,76,132,78,136,108,15,209,225,36,0,116,206,245,176,0,2,180,64,197,152,90,136,21,19,85,13,65,212,76,169,56,170]
CFO=4742.7569079267905,STO=5
SNRdB=4.08,TXPdB=-25
CFO=9360.440034462898,STO=3
SNRdB=nan,TXPdB=-25
packet_number=22,correct=False,payload=[0,1,36,6,9,184,130,0,104,0,140,206,32,66,195,147,103,214,213,107,180,192,67,145,129,41,16,36,129,24,166,130,212,3,16,136,20,15,28,16,185,72,4,0,43,128,130,0,0,32,163,16,8,151,32,108,128,32,32,128,2,0,0,2,25,136,129,21,168,40,145,56,66,32,114,176,16,8,0,8,22,107,32,33,30,32,216,4,128,160,16,102,3,5,72,16,136,1,0,85]
CFO=8214.648853310633,STO=3
SNRdB=nan,TXPdB=-25
packet_number=23,correct=False,payload=[0,0,11,2,168,167,166,196,4,231,132,139,2,152,6,198,19,2,160,32,129,67,8,0,16,76,11,19,0,0,8,64,72,25,105,112,0,218,136,4,212,168,131,2,12,152,49,40,149,132,16,193,149,136,129,25,233,113,4,72,202,96,145,11,52,18,133,41,200,64,39,47,23,2,98,7,18,68,52,62,214,136,116,1,0,0,103,33,86,176,66,45,139,40,136,224,67,225,134,100]
CFO=4984.372809163715,STO=6
SNRdB=-0.39,TXPdB=-25
packet_number=24,correct=False,payload=[0,64,1,130,109,33,129,84,27,119,13,84,24,224,27,77,29,130,186,68,112,80,196,34,13,8,55,217,25,4,192,35,17,145,142,64,12,143,9,202,72,208,66,75,90,55,160,17,27,153,1,162,9,67,77,163,148,51,100,95,64,28,36,168,73,79,168,161,109,112,241,67,95,164,2,133,75,134,240,216,3,147,44,35,32,81,42,160,144,1,0,7,50,225,49,145,32,89,168,129]
packet_number=25,correct=False,payload=[0,2,4,4,19,104,0,20,128,64,96,1,118,38,64,226,2,86,0,32,2,194,1,136,1,192,1,96,132,8,33,6,129,24,20,10,208,8,2,128,81,64,72,6,20,129,24,8,33,2,129,145,42,128,144,51,186,50,1,8,0,3,9,214,10,169,133,201,22,9,0,134,73,0,137,135,0,0,134,128,0,26,12,114,0,36,4,160,162,192,88,37,17,236,2,0,40,34,4,74]
CFO=7813.177822275152,STO=0
SNRdB=nan,TXPdB=-25
CFO=3182.2784356158973,STO=4
SNRdB=nan,TXPdB=-25
packet_number=26,correct=False,payload=[0,16,8,118,8,0,6,4,174,22,123,70,82,16,243,80,132,24,144,100,4,91,84,160,4,12,29,65,43,1,68,36,76,197,179,53,210,136,238,32,216,80,200,6,232,188,71,207,162,12,66,42,227,168,2,175,140,9,4,229,71,25,11,55,154,228,40,53,161,56,132,138,153,67,192,35,224,130,162,26,128,10,228,4,34,169,228,92,88,192,98,32,115,172,0,65,5,148,138,67]
packet_number=27,correct=False,payload=[8,6,8,12,19,120,6,70,33,202,142,2,196,134,0,197,234,202,16,88,39,76,97,34,11,72,72,66,114,20,0,14,7,129,252,68,112,106,96,67,228,26,3,170,64,169,72,25,0,97,7,114,212,107,160,116,48,18,65,25,144,48,121,104,100,30,46,0,111,64,83,204,22,102,144,73,27,1,33,138,174,6,148,25,164,193,130,21,40,164,6,9,135,32,96,205,73,2,235,20]
CFO=6198.598194679063,STO=0
SNRdB=nan,TXPdB=-25
CFO=7974.71089294837,STO=5
SNRdB=nan,TXPdB=-25
packet_number=28,correct=False,payload=[0,3,4,14,19,104,28,193,73,9,133,17,19,146,192,2,101,115,129,144,107,40,138,154,24,166,133,19,86,41,208,0,33,2,137,137,9,206,16,133,161,17,83,2,17,152,8,7,75,82,137,8,77,106,198,27,78,26,6,152,19,200,6,48,25,148,96,6,58,4,139,100,132,34,224,135,130,102,134,3,32,160,245,194,65,193,175,70,182,38,26,158,79,61,176,198,136,32,104,85]
CFO=4644.841608488634,STO=0
SNRdB=0.70,TXPdB=-25
packet_number=29,correct=False,payload=[0,2,4,4,19,104,16,23,0,58,236,7,155,145,172,13,139,177,39,59,60,83,40,114,64,96,32,1,28,177,129,236,165,74,32,34,218,233,94,78,65,26,144,196,136,140,29,25,3,166,3,72,20,107,176,160,1,96,201,176,12,56,192,54,0,4,32,124,144,168,25,13,216,78,10,4,101,33,68,144,132,77,53,16,55,114,18,218,72,0,49,10,0,24,2,41,6,75,186,14]
CFO=7071.6388562702205,STO=1
SNRdB=0.68,TXPdB=-25
packet_number=30,correct=False,payload=[0,2,4,14,32,128,20,32,2,178,81,0,0,8,99,2,33,13,8,1,166,9,70,9,9,0,49,48,10,202,64,68,68,9,96,117,168,216,132,32,18,48,1,12,7,8,6,192,0,3,8,194,9,0,33,160,2,144,84,36,0,129,44,2,2,128,128,197,72,64,1,48,24,0,0,8,98,9,16,128,65,1,66,122,4,64,16,0,212,144,128,164,64,144,2,216,64,32,64,64]
CFO=7786.792261054072,STO=7
SNRdB=nan,TXPdB=-25
packet_number=31,correct=False,payload=[241,82,203,0,16,4,0,16,25,0,28,161,8,128,2,0,0,128,76,141,18,136,8,162,129,32,129,52,5,168,8,4,0,20,16,34,65,8,38,136,176,130,65,0,160,129,13,0,0,92,0,224,9,0,65,129,2,1,16,161,4,204,37,104,104,138,16,68,68,72,16,82,128,157,132,1,17,66,0,1,130,39,34,138,1,160,6,70,140,32,0,0,82,0,38,138,12,7,132,4]
CFO=8378.787267683689,STO=7
SNRdB=nan,TXPdB=-25
CFO=4439.060849436521,STO=7
SNRdB=5.49,TXPdB=-25
packet_number=32,correct=False,payload=[0,2,4,6,9,180,233,68,9,241,32,177,5,148,16,109,120,57,8,149,201,77,247,10,207,234,106,161,8,75,101,1,1,0,18,0,228,91,149,12,0,181,3,124,184,196,66,138,1,78,8,220,186,128,111,4,200,132,210,26,95,136,53,242,30,124,255,34,92,70,160,16,43,219,196,51,97,146,142,130,34,66,41,21,134,71,68,201,31,152,97,93,17,4,232,36,164,165,21,179]
packet_number=33,correct=False,payload=[0,65,1,131,109,2,3,8,8,37,66,27,32,80,1,49,154,66,140,136,160,80,18,232,80,44,33,48,100,12,12,67,100,200,100,20,17,42,64,28,32,0,132,96,0,56,232,131,16,36,80,16,224,1,132,0,25,1,168,44,52,194,196,33,1,164,17,64,8,16,0,32,69,32,0,0,0,64,98,5,192,180,52,128,68,32,0,0,21,162,56,159,160,1,130,138,0,16,37,0]
packet_number=34,correct=False,payload=[240,71,67,60,0,16,32,96,155,64,20,140,16,16,130,84,28,68,74,128,68,135,85,94,68,128,134,12,178,176,76,184,53,16,200,0,68,240,137,40,104,0,72,109,32,8,133,8,17,136,2,194,0,64,160,148,32,12,66,128,162,113,20,144,1,128,8,59,208,14,132,64,132,65,77,76,4,32,8,138,26,9,5,5,77,17,68,65,41,136,8,229,131,16,12,171,2,80,0,0]
CFO=8392.15569565486,STO=7
SNRdB=nan,TXPdB=-25
packet_number=35,correct=False,payload=[0,2,4,6,3,52,12,1,121,160,5,132,68,55,129,0,138,178,110,2,164,72,210,188,77,96,42,0,192,100,128,52,91,49,130,0,21,142,227,35,228,217,204,226,118,24,9,0,133,227,82,1,0,12,233,121,0,2,246,239,55,42,9,151,196,50,90,146,108,240,180,128,75,12,32,40,64,128,8,68,34,56,32,48,17,19,188,78,37,164,109,138,3,169,248,21,247,20,52,136]
CFO=-10567.471263880265,STO=3
SNRdB=3.86,TXPdB=-25
packet_number=36,correct=False,payload=[255,255,255,255,255,255,255,255,255,191,255,255,191,253,255,238,215,255,255,255,255,253,255,255,255,255,253,251,251,246,207,253,127,255,255,146,72,174,7,247,159,255,255,223,251,87,255,255,250,247,253,220,255,191,255,191,245,254,253,251,255,255,251,255,255,255,220,245,127,255,223,251,253,255,125,255,255,255,255,255,255,255,255,191,253,255,175,253,255,255,254,255,255,191,255,127,255,189,253,118]
CFO=6433.536332554587,STO=7
SNRdB=nan,TXPdB=-25
CFO=4012.41760351721,STO=6
SNRdB=nan,TXPdB=-25
packet_number=37,correct=False,payload=[0,2,4,6,25,104,128,192,2,76,89,67,14,8,0,3,140,176,229,128,19,130,195,36,132,0,32,1,0,93,179,22,38,29,112,224,81,138,2,141,235,156,73,6,116,11,185,96,2,2,200,215,52,71,232,121,129,65,81,66,9,168,0,0,161,224,2,109,132,197,64,0,128,224,32,158,33,24,136,30,1,0,101,4,144,197,0,25,17,36,128,28,64,64,184,2,0,66,100,8]
CFO=5364.582218318115,STO=4
SNRdB=nan,TXPdB=-25
packet_number=38,correct=False,payload=[0,2,4,14,19,104,176,0,81,52,36,64,24,132,148,72,113,212,10,51,98,68,129,37,106,187,0,230,13,179,84,139,206,111,160,126,139,43,202,68,0,13,97,3,16,0,67,74,70,2,90,137,57,32,0,65,36,136,0,16,38,164,18,24,0,131,163,24,150,176,218,66,72,0,65,32,25,32,139,140,64,1,68,160,74,43,18,142,14,98,36,12,0,224,5,9,3,130,0,46]
packet_number=39,correct=False,payload=[0,202,149,210,242,44,132,248,64,29,148,64,66,200,8,41,118,157,68,0,24,234,202,16,27,78,97,88,96,217,244,17,152,32,150,47,194,0,40,2,75,34,66,232,204,100,135,24,130,130,82,200,168,160,3,172,30,169,14,125,172,32,165,168,138,100,8,212,64,184,16,138,36,174,100,224,16,1,17,64,217,206,160,33,228,176,49,128,212,220,218,108,193,73,149,172,169,84,108,145]
CFO=9883.749538310123,STO=6
SNRdB=-1.78,TXPdB=-25
CFO=9940.999262479216,STO=4
SNRdB=1.61,TXPdB=-25
packet_number=40,correct=False,payload=[2,11,0,1,2,3,9,180,0,8,0,0,72,0,0,0,0,0,0,164,128,0,0,170,0,97,0,0,8,36,32,0,0,224,128,16,0,0,0,0,1,130,8,0,1,5,194,0,2,0,0,0,0,20,0,1,1,0,0,128,128,149,2,0,128,3,136,4,0,64,0,2,0,0,96,0,7,4,66,0,0,0,112,32,2,8,66,64,0,4,8,0,0,0,8,12,1,0,8,0]
packet_number=41,correct=False,payload=[0,4,36,4,19,104,162,0,4,0,0,0,34,3,82,66,0,128,128,9,4,0,0,10,0,8,132,192,36,34,128,34,36,74,38,6,16,0,66,0,25,20,227,15,74,214,103,2,228,39,69,51,161,2,200,0,38,100,2,0,24,36,137,80,192,21,20,64,128,84,0,0,8,0,0,0,2,1,4,4,78,81,140,24,0,4,2,152,71,4,66,8,128,128,2,160,194,64,4,75]
CFO=5490.510004143524,STO=0
SNRdB=nan,TXPdB=-25
packet_number=42,correct=False,payload=[0,2,4,12,19,104,153,8,2,32,161,165,34,131,70,130,76,67,163,36,64,30,164,12,147,5,101,146,194,117,209,5,4,52,233,98,98,4,80,50,185,13,37,214,93,210,40,36,163,198,244,64,38,1,177,148,91,166,248,4,133,16,67,12,35,138,139,199,210,50,40,116,168,169,32,160,68,235,107,166,12,228,2,5,158,6,207,170,173,56,122,5,32,0,34,17,196,193,220,84]
CFO=-10388.532879779279,STO=4
SNRdB=3.66,TXPdB=-25
packet_number=43,correct=False,payload=[255,255,239,127,255,235,233,255,255,255,255,255,255,255,255,255,253,255,255,255,254,254,255,247,255,255,255,255,255,223,255,247,222,255,255,255,207,175,247,255,246,245,95,180,123,176,253,254,239,255,118,191,247,126,254,239,253,255,253,191,247,255,123,255,253,255,223,255,255,255,251,255,255,255,239,255,221,255,255,255,253,255,201,191,253,219,255,223,127,55,191,191,127,127,189,245,253,255,254,254]
CFO=8642.167093460535,STO=2
SNRdB=nan,TXPdB=-25
packet_number=44,correct=False,payload=[0,0,10,0,144,40,57,1,16,8,131,40,16,66,21,66,199,69,200,224,2,181,97,67,239,121,86,31,0,1,198,159,147,210,144,192,113,15,251,1,26,79,135,68,192,42,16,67,241,200,161,13,141,0,33,169,130,195,39,41,209,26,163,145,218,71,11,129,0,48,144,68,93,2,0,45,4,166,74,193,4,80,32,52,161,24,0,12,14,34,108,226,79,0,28,18,66,12,77,5]
CFO=6977.813904333142,STO=7
SNRdB=nan,TXPdB=-25
CFO=4460.283358727137,STO=5
SNRdB=nan,TXPdB=-25
CFO=10846.052822820444,STO=3
SNRdB=2.89,TXPdB=-25
packet_number=45,correct=False,payload=[0,2,4,6,1,232,14,144,175,40,70,16,179,130,35,225,8,130,79,65,80,213,133,114,91,37,241,27,133,227,168,82,97,0,171,49,28,166,246,87,123,201,230,52,213,134,198,190,241,131,98,66,29,10,250,130,138,10,198,33,169,44,78,54,132,0,216,0,100,43,233,145,177,238,224,112,196,1,135,29,22,198,205,32,244,93,48,32,96,80,72,48,178,190,74,220,112,104,135,39]
packet_number=46,correct=False,payload=[112,0,48,64,68,21,44,2,3,127,131,52,215,72,224,5,197,54,182,72,129,4,52,176,8,226,131,64,52,20,101,200,152,1,64,32,112,9,0,33,217,164,1,132,33,129,0,1,32,168,66,168,14,192,66,149,9,194,44,130,0,124,72,3,48,129,0,129,161,160,129,108,64,136,80,80,2,129,198,138,8,50,104,124,1,130,160,14,97,0,112,96,32,4,2,32,146,34,184,3]
CFO=7399.765066539404,STO=3
SNRdB=-12.73,TXPdB=-25
packet_number=47,correct=False,payload=[0,0,0,0,2,0,0,0,0,8,16,2,10,0,0,68,32,0,32,0,8,16,16,1,6,37,60,73,54,5,16,212,32,1,226,17,200,80,16,0,80,36,0,132,0,18,0,0,8,0,0,0,0,0,0,0,32,0,0,8,2,96,0,0,0,32,6,8,0,0,192,64,0,0,0,3,56,0,8,16,0,2,2,0,0,8,0,0,1,0,0,6,0,0,0,0,0,8,0,9]
CFO=6483.797029719851,STO=3
SNRdB=nan,TXPdB=-25
packet_number=48,correct=False,payload=[169,92,0,4,8,12,38,209,32,145,163,2,136,5,97,209,22,144,133,56,130,154,0,72,138,57,116,1,227,4,28,0,128,188,233,149,34,65,33,128,176,66,58,6,107,10,20,180,2,0,174,156,80,172,198,12,16,170,184,193,66,1,20,0,2,204,233,193,36,137,65,40,133,96,24,32,168,24,85,6,64,114,52,157,80,72,60,46,116,254,34,133,5,193,201,113,112,160,143,149]
CFO=4636.830161297581,STO=1
SNRdB=-1.25,TXPdB=-25
packet_number=49,correct=False,payload=[0,2,8,12,134,64,49,14,119,168,38,208,168,0,44,192,4,10,13,23,214,168,39,150,16,26,229,186,176,27,108,2,100,194,164,218,96,87,132,241,90,10,96,5,16,34,9,13,39,161,139,74,97,11,178,1,59,0,92,242,226,15,25,36,43,104,0,10,7,152,10,109,152,99,115,8,200,33,185,54,155,159,232,86,243,27,196,35,75,5,172,137,89,152,12,32,22,196,82,33]
CFO=8973.941106649492,STO=1
SNRdB=nan,TXPdB=-25
packet_number=50,correct=False,payload=[0,2,8,12,19,113,98,6,148,162,196,7,0,130,73,72,32,192,64,132,64,4,54,48,96,0,2,76,75,209,16,3,17,2,168,202,132,120,34,179,73,193,2,224,80,3,210,161,77,4,226,148,9,6,81,130,76,2,208,164,32,160,45,8,144,40,13,2,117,7,208,78,25,8,4,8,98,50,133,4,0,2,21,0,193,32,185,25,129,0,8,165,8,3,64,172,116,6,29,1]
CFO=6640.073194937291,STO=4
SNRdB=nan,TXPdB=-25
CFO=-8486.426338620866,STO=3
SNRdB=3.65,TXPdB=-25
packet_number=51,correct=False,payload=[0,2,4,4,73,48,0,137,128,110,34,4,157,96,128,104,194,36,168,16,14,68,37,5,153,142,252,75,84,199,114,116,4,217,24,247,128,110,5,7,196,52,11,131,84,28,254,44,78,1,204,181,178,165,114,106,56,110,0,72,32,40,134,0,4,167,198,0,38,186,99,2,208,8,208,131,35,82,99,243,130,60,222,151,168,113,98,136,128,184,32,8,65,136,146,178,133,162,136,201]
packet_number=52,correct=False,payload=[0,2,4,6,9,104,8,97,4,130,33,64,0,133,134,65,1,33,130,130,4,0,70,12,64,5,7,33,138,1,12,207,210,224,16,97,20,8,48,93,8,3,24,130,208,10,0,137,0,8,16,49,6,161,202,206,1,75,10,97,96,200,0,32,2,1,96,244,42,64,72,44,80,96,33,5,1,128,17,33,2,104,17,1,96,145,50,24,0,79,76,16,2,144,68,83,64,242,41,2]
packet_number=53,correct=False,payload=[255,255,255,255,255,255,254,255,255,255,255,255,255,222,253,255,255,252,235,255,255,254,255,255,255,255,222,255,57,247,255,223,123,212,121,112,175,252,186,167,77,111,121,243,243,255,175,139,250,255,53,111,211,108,171,185,247,125,252,251,197,189,33,123,15,95,255,248,175,115,251,253,219,239,126,255,255,254,239,127,117,86,127,251,255,125,254,243,124,222,247,63,223,189,255,247,255,254,251,111]
CFO=6778.366109412257,STO=0
SNRdB=1.33,TXPdB=-25
CFO=6234.096427967778,STO=7
SNRdB=nan,TXPdB=-25
packet_number=54,correct=False,payload=[0,3,4,6,9,2,1,0,96,8,1,166,16,146,12,32,12,70,2,144,82,2,0,192,128,0,67,0,4,0,64,98,0,129,0,34,20,31,116,194,202,52,5,4,0,68,2,0,50,194,48,101,161,194,0,128,0,8,1,128,52,104,206,0,43,10,14,186,1,68,209,5,144,0,17,220,48,11,64,0,108,1,88,0,77,81,10,24,17,197,129,4,68,19,137,148,84,164,64,200]
CFO=10556.179884368443,STO=0
SNRdB=nan,TXPdB=-25
CFO=-10186.45124948127,STO=2
SNRdB=3.24,TXPdB=-25
packet_number=55,correct=False,payload=[1,17,4,120,65,32,161,144,8,2,191,45,74,175,130,40,9,35,1,1,135,114,132,128,161,191,99,190,45,122,226,22,137,110,184,36,164,59,59,138,120,3,18,105,145,20,51,147,128,112,14,147,4,8,117,196,204,2,162,90,163,156,200,136,70,27,150,18,36,168,152,244,0,166,51,144,21,239,131,142,88,133,245,44,207,150,129,101,209,56,5,34,84,117,2,242,91,20,66,68]
CFO=6396.228355523881,STO=0
SNRdB=nan,TXPdB=-25
CFO=8472.509257422364,STO=6
SNRdB=nan,TXPdB=-25
CFO=5140.118908782871,STO=6
SNRdB=-0.78,TXPdB=-25
CFO=5687.0596093899285,STO=2
SNRdB=-0.66,TXPdB=-25
CFO=6355.758885646859,STO=0
SNRdB=1.89,TXPdB=-25
CFO=4514.099268088421,STO=3
SNRdB=nan,TXPdB=-25
CFO=9574.801929398383,STO=4
SNRdB=-6.90,TXPdB=-25
CFO=6392.541702579135,STO=4
SNRdB=nan,TXPdB=-25
CFO=11822.189658957199,STO=6
SNRdB=-3.60,TXPdB=-25
CFO=7599.830126631502,STO=0
SNRdB=-4.13,TXPdB=-25
CFO=8896.084602343866,STO=1
SNRdB=nan,TXPdB=-25
CFO=5791.180964458723,STO=4
SNRdB=-7.02,TXPdB=-25
CFO=6706.675694313557,STO=1
SNRdB=nan,TXPdB=-25
CFO=-8627.350674081075,STO=6
SNRdB=2.67,TXPdB=-25
CFO=7480.960172325761,STO=1
SNRdB=3.78,TXPdB=-25
CFO=6568.068229379282,STO=7
SNRdB=nan,TXPdB=-25
CFO=5377.765574069059,STO=2
SNRdB=-2.04,TXPdB=-25
CFO=9500.39604865801,STO=5
SNRdB=2.68,TXPdB=-25
CFO=9707.736893157251,STO=2
SNRdB=nan,TXPdB=-25
CFO=7214.989309263131,STO=4
SNRdB=nan,TXPdB=-25
CFO=11388.283648797315,STO=2
SNRdB=3.56,TXPdB=-25
CFO=7501.9930955462405,STO=5
SNRdB=-6.11,TXPdB=-25
CFO=9807.506159318227,STO=5
SNRdB=nan,TXPdB=-25
CFO=8241.237040857062,STO=6
SNRdB=nan,TXPdB=-25
CFO=9239.53050030263,STO=7
SNRdB=nan,TXPdB=-25
CFO=11217.34026364523,STO=7
SNRdB=-4.53,TXPdB=-25
CFO=8646.516797890796,STO=4
SNRdB=nan,TXPdB=-25
CFO=7890.128172226178,STO=4
SNRdB=nan,TXPdB=-25
CFO=5507.190594976447,STO=0
SNRdB=3.87,TXPdB=-25
CFO=10900.718475103327,STO=5
SNRdB=nan,TXPdB=-25
CFO=7292.998478993135,STO=6
SNRdB=-5.39,TXPdB=-25
CFO=6187.426165410382,STO=1
SNRdB=-4.78,TXPdB=-25
CFO=6964.443842515646,STO=3
SNRdB=3.15,TXPdB=-25
CFO=5754.695669468351,STO=7
SNRdB=nan,TXPdB=-25
CFO=5267.58986596199,STO=4
SNRdB=nan,TXPdB=-25
CFO=6507.912639629187,STO=0
SNRdB=nan,TXPdB=-25
CFO=6038.685449340648,STO=1
SNRdB=-8.07,TXPdB=-25
CFO=-7228.886301372893,STO=6
SNRdB=7.27,TXPdB=-25
CFO=9982.881319232487,STO=3
SNRdB=nan,TXPdB=-25
CFO=5199.888500655758,STO=3
SNRdB=nan,TXPdB=-25
CFO=6618.374385319804,STO=3
SNRdB=-3.87,TXPdB=-25
CFO=6831.052263238528,STO=0
SNRdB=nan,TXPdB=-25
CFO=12398.991469140963,STO=6
SNRdB=nan,TXPdB=-25
CFO=4068.233126753049,STO=1
SNRdB=nan,TXPdB=-25
CFO=6429.01423509846,STO=6
SNRdB=nan,TXPdB=-25
CFO=6339.601940991452,STO=0
SNRdB=-8.06,TXPdB=-25
CFO=6061.615477172528,STO=6
SNRdB=3.60,TXPdB=-25
CFO=5542.886725905832,STO=3
SNRdB=-14.75,TXPdB=-25
CFO=7834.143246361224,STO=0
SNRdB=nan,TXPdB=-25
CFO=11341.264400686376,STO=7
SNRdB=2.26,TXPdB=-25
CFO=9448.142431275153,STO=6
SNRdB=-0.73,TXPdB=-25
CFO=5426.122161851,STO=3
SNRdB=nan,TXPdB=-25
CFO=5416.762713173017,STO=3
SNRdB=-4.65,TXPdB=-25
CFO=6377.34897131223,STO=2
SNRdB=5.49,TXPdB=-25
CFO=8364.99266361172,STO=4
SNRdB=nan,TXPdB=-25
CFO=8978.200751571352,STO=3
SNRdB=-7.64,TXPdB=-25
CFO=10223.193208994782,STO=1
SNRdB=nan,TXPdB=-25
CFO=9782.831413004405,STO=3
SNRdB=-10.31,TXPdB=-25
CFO=7999.791192815686,STO=7
SNRdB=nan,TXPdB=-25
CFO=-8382.196852607134,STO=2
SNRdB=nan,TXPdB=-25
CFO=3940.5071006633943,STO=7
SNRdB=4.79,TXPdB=-25
CFO=5779.162070504889,STO=5
SNRdB=nan,TXPdB=-25
CFO=11102.892886878164,STO=4
SNRdB=-1.65,TXPdB=-25
CFO=6174.972610858925,STO=1
SNRdB=3.15,TXPdB=-25
CFO=11571.167211343423,STO=1
SNRdB=nan,TXPdB=-25
CFO=7657.965714991442,STO=1
SNRdB=-15.29,TXPdB=-25
CFO=5766.318597052839,STO=7
SNRdB=3.60,TXPdB=-25
CFO=5302.499316059045,STO=7
SNRdB=nan,TXPdB=-25
CFO=11945.730221760361,STO=3
SNRdB=nan,TXPdB=-25
CFO=6886.889869573457,STO=6
SNRdB=nan,TXPdB=-25
CFO=5300.852208705855,STO=2
SNRdB=nan,TXPdB=-25
CFO=5091.854730949991,STO=4
SNRdB=3.39,TXPdB=-25
CFO=6644.782389769531,STO=0
SNRdB=nan,TXPdB=-25
CFO=6763.617138622101,STO=2
SNRdB=nan,TXPdB=-25
CFO=-11449.504467652638,STO=2
SNRdB=2.51,TXPdB=-25
CFO=6624.636607395497,STO=6
SNRdB=nan,TXPdB=-25
CFO=8513.419565225242,STO=4
SNRdB=0.98,TXPdB=-25
CFO=9438.987450122471,STO=1
SNRdB=nan,TXPdB=-25
CFO=7298.083634553264,STO=7
SNRdB=-1.45,TXPdB=-25
CFO=6729.391221367152,STO=3
SNRdB=nan,TXPdB=-25
CFO=5719.873998686595,STO=5
SNRdB=nan,TXPdB=-25
CFO=7719.397296627637,STO=5
SNRdB=1.42,TXPdB=-25
CFO=6034.334241115101,STO=7
SNRdB=nan,TXPdB=-25
CFO=8171.921283073602,STO=3
SNRdB=nan,TXPdB=-25
CFO=11588.388639201776,STO=6
SNRdB=2.89,TXPdB=-25
CFO=6887.658639124368,STO=5
SNRdB=-3.51,TXPdB=-25
CFO=-5382.0968832421195,STO=1
SNRdB=nan,TXPdB=-25
CFO=5124.999300009772,STO=7
SNRdB=-9.01,TXPdB=-25
CFO=6612.9586488210025,STO=3
SNRdB=4.40,TXPdB=-25
CFO=8424.144183139799,STO=2
SNRdB=nan,TXPdB=-25
CFO=7581.348420006581,STO=7
SNRdB=nan,TXPdB=-25
CFO=10038.918262338915,STO=4
SNRdB=-0.13,TXPdB=-25
CFO=6806.415119414981,STO=0
SNRdB=1.86,TXPdB=-25
CFO=10597.264715929472,STO=6
SNRdB=nan,TXPdB=-25
CFO=8448.659592483358,STO=4
SNRdB=nan,TXPdB=-25
CFO=6514.905174683509,STO=0
SNRdB=-0.98,TXPdB=-25
CFO=7503.9606494854015,STO=3
SNRdB=3.80,TXPdB=-25
CFO=9926.115075712352,STO=4
SNRdB=nan,TXPdB=-25
CFO=7095.550228016618,STO=1
SNRdB=nan,TXPdB=-25
CFO=5643.890067644826,STO=6
SNRdB=-4.36,TXPdB=-25
CFO=6087.091482431901,STO=2
SNRdB=-7.23,TXPdB=-25
CFO=6968.25679704293,STO=4
SNRdB=nan,TXPdB=-25
CFO=5244.523675756091,STO=0
SNRdB=nan,TXPdB=-25
CFO=6019.083496691373,STO=7
SNRdB=3.71,TXPdB=-25
CFO=9829.481562682931,STO=4
SNRdB=nan,TXPdB=-25
CFO=9952.056671863182,STO=1
SNRdB=nan,TXPdB=-25
CFO=4132.646959293257,STO=4
SNRdB=2.35,TXPdB=-25
CFO=5906.520314319436,STO=0
SNRdB=-2.35,TXPdB=-25
CFO=6648.087667106333,STO=1
SNRdB=nan,TXPdB=-25
CFO=5507.6978877832735,STO=3
SNRdB=-4.36,TXPdB=-25
CFO=6911.808965548709,STO=3
SNRdB=4.00,TXPdB=-25
CFO=11744.901488100491,STO=3
SNRdB=nan,TXPdB=-25
CFO=6530.738410671024,STO=6
SNRdB=nan,TXPdB=-25
CFO=5140.402594129816,STO=5
SNRdB=nan,TXPdB=-25
CFO=5329.974823302942,STO=2
SNRdB=-0.24,TXPdB=-25
CFO=8065.508343766435,STO=0
SNRdB=nan,TXPdB=-25
CFO=4790.662608650378,STO=0
SNRdB=nan,TXPdB=-25
CFO=10907.782921681257,STO=2
SNRdB=2.33,TXPdB=-25
CFO=10642.291738313135,STO=3
SNRdB=-5.88,TXPdB=-25
CFO=8713.358019127812,STO=3
SNRdB=nan,TXPdB=-25
CFO=7290.843245559266,STO=6
SNRdB=-5.70,TXPdB=-25
CFO=6444.692506608256,STO=1
SNRdB=nan,TXPdB=-25
CFO=9707.391233525126,STO=7
SNRdB=nan,TXPdB=-25
CFO=7000.93715521548,STO=1
SNRdB=nan,TXPdB=-25
CFO=6783.0796801980805,STO=7
SNRdB=nan,TXPdB=-25
CFO=7725.870732144363,STO=5
SNRdB=nan,TXPdB=-25
CFO=6942.160660107998,STO=1
SNRdB=nan,TXPdB=-25
CFO=5690.130932844301,STO=5
SNRdB=7.91,TXPdB=-25
CFO=6256.356341096327,STO=3
SNRdB=nan,TXPdB=-25
CFO=6410.333227004951,STO=7
SNRdB=nan,TXPdB=-25
CFO=5257.17996327797,STO=0
SNRdB=-0.69,TXPdB=-25
CFO=8721.045396586915,STO=7
SNRdB=1.89,TXPdB=-25
CFO=8243.496138185767,STO=7
SNRdB=nan,TXPdB=-25
CFO=7768.36999256365,STO=0
SNRdB=nan,TXPdB=-25
CFO=11711.805501365727,STO=1
SNRdB=nan,TXPdB=-25
CFO=5881.646965076906,STO=7
SNRdB=nan,TXPdB=-25
CFO=-11994.41909023451,STO=2
SNRdB=nan,TXPdB=-25
CFO=9945.222445746898,STO=0
SNRdB=0.47,TXPdB=-25
CFO=6359.398406675057,STO=1
SNRdB=1.84,TXPdB=-25
CFO=9567.068756555695,STO=2
SNRdB=nan,TXPdB=-25
CFO=-12009.740322202113,STO=5
SNRdB=nan,TXPdB=-25
CFO=4040.073924568137,STO=5
SNRdB=2.20,TXPdB=-25
CFO=5926.971231313897,STO=5
SNRdB=nan,TXPdB=-25
CFO=7244.084016268006,STO=6
SNRdB=nan,TXPdB=-25
CFO=9542.286303828505,STO=3
SNRdB=4.45,TXPdB=-25
CFO=9340.385004470882,STO=3
SNRdB=nan,TXPdB=-25
CFO=7775.55396350917,STO=3
SNRdB=nan,TXPdB=-25
CFO=9239.317932864074,STO=0
SNRdB=0.23,TXPdB=-25
CFO=6197.823951710435,STO=7
SNRdB=nan,TXPdB=-25
CFO=6075.554707328343,STO=2
SNRdB=nan,TXPdB=-25
CFO=3895.352385603192,STO=2
SNRdB=3.47,TXPdB=-25
CFO=9832.25891217809,STO=3
SNRdB=nan,TXPdB=-25
CFO=6172.71241775387,STO=4
SNRdB=nan,TXPdB=-25
CFO=4365.425577702146,STO=3
SNRdB=0.10,TXPdB=-25
CFO=7074.516889964368,STO=2
SNRdB=0.86,TXPdB=-25
CFO=5895.589595856945,STO=5
SNRdB=nan,TXPdB=-25
CFO=8233.772435516565,STO=7
SNRdB=nan,TXPdB=-25
CFO=4628.4388203195185,STO=1
SNRdB=4.14,TXPdB=-25
CFO=9309.543881479467,STO=5
SNRdB=nan,TXPdB=-25
CFO=11207.762900906935,STO=3
SNRdB=-15.50,TXPdB=-25
CFO=-9832.35292316289,STO=1
SNRdB=nan,TXPdB=-25
CFO=5192.708850849712,STO=5
SNRdB=nan,TXPdB=-25
CFO=12095.24575482956,STO=6
SNRdB=-0.72,TXPdB=-25
CFO=5481.787728153098,STO=3
SNRdB=1.20,TXPdB=-25
CFO=10077.236735452732,STO=2
SNRdB=nan,TXPdB=-25
CFO=4763.5480629637495,STO=2
SNRdB=nan,TXPdB=-25
CFO=7390.1192747975065,STO=6
SNRdB=2.08,TXPdB=-25
CFO=7231.469086133176,STO=0
SNRdB=nan,TXPdB=-25
CFO=8577.956546603358,STO=7
SNRdB=nan,TXPdB=-25
CFO=5190.308010399844,STO=2
SNRdB=nan,TXPdB=-25
CFO=-12487.010934625498,STO=2
SNRdB=nan,TXPdB=-25
CFO=5070.999905075597,STO=0
SNRdB=3.75,TXPdB=-25
CFO=6583.843751349551,STO=0
SNRdB=0.35,TXPdB=-25
CFO=5487.652773256052,STO=0
SNRdB=nan,TXPdB=-25
CFO=5693.786563310755,STO=1
SNRdB=nan,TXPdB=-25
CFO=12394.853348534787,STO=6
SNRdB=4.13,TXPdB=-25
CFO=7627.66456356718,STO=6
SNRdB=nan,TXPdB=-25
CFO=5871.8035617067135,STO=6
SNRdB=0.41,TXPdB=-25
CFO=8815.084777268808,STO=2
SNRdB=nan,TXPdB=-25
CFO=5161.040720397991,STO=3
SNRdB=3.72,TXPdB=-25
CFO=6076.038724151435,STO=0
SNRdB=nan,TXPdB=-25
CFO=6223.026381799197,STO=3
SNRdB=nan,TXPdB=-25
CFO=-8981.936839385568,STO=1
SNRdB=4.08,TXPdB=-25
CFO=7658.430353016754,STO=3
SNRdB=nan,TXPdB=-25
CFO=6282.77822043411,STO=4
SNRdB=nan,TXPdB=-25
CFO=10045.78645001175,STO=4
SNRdB=-1.57,TXPdB=-25
CFO=10335.87269514822,STO=4
SNRdB=nan,TXPdB=-25
CFO=6858.693933746261,STO=4
SNRdB=-12.98,TXPdB=-25
CFO=10702.168045309849,STO=3
SNRdB=nan,TXPdB=-25
CFO=5463.236281916027,STO=0
SNRdB=nan,TXPdB=-25
CFO=4880.806317544319,STO=3
SNRdB=-3.38,TXPdB=-25
CFO=7544.430104646338,STO=0
SNRdB=2.61,TXPdB=-25
CFO=5234.485653266486,STO=2
SNRdB=3.08,TXPdB=-25
CFO=11314.59550242734,STO=0
SNRdB=nan,TXPdB=-25
CFO=9777.705049237784,STO=1
SNRdB=nan,TXPdB=-25
CFO=9067.672437617939,STO=6
SNRdB=1.25,TXPdB=-25
CFO=5815.423527601856,STO=0
SNRdB=nan,TXPdB=-25
CFO=6960.847028396685,STO=7
SNRdB=nan,TXPdB=-25
CFO=7922.291794543287,STO=3
SNRdB=1.63,TXPdB=-25
CFO=10467.67740828911,STO=6
SNRdB=nan,TXPdB=-25
CFO=5921.086310400021,STO=1
SNRdB=-2.15,TXPdB=-25
CFO=7830.171527227786,STO=4
SNRdB=2.10,TXPdB=-25
CFO=11146.512832823644,STO=4
SNRdB=nan,TXPdB=-25
CFO=11887.876068155778,STO=6
SNRdB=nan,TXPdB=-25
CFO=5988.767183369529,STO=4
SNRdB=3.71,TXPdB=-25
CFO=8562.727695473717,STO=6
SNRdB=nan,TXPdB=-25
CFO=8283.96490007998,STO=4
SNRdB=-0.71,TXPdB=-25
CFO=7551.740580941288,STO=4
SNRdB=nan,TXPdB=-25
CFO=8762.349251123234,STO=6
SNRdB=nan,TXPdB=-25
CFO=-10940.472446074109,STO=2
SNRdB=3.63,TXPdB=-25
CFO=7632.712787961466,STO=1
SNRdB=nan,TXPdB=-25
CFO=9844.458332554728,STO=2
SNRdB=nan,TXPdB=-25
CFO=4934.011483713233,STO=6
SNRdB=-2.09,TXPdB=-25
CFO=7514.444629094429,STO=6
SNRdB=nan,TXPdB=-25
CFO=6015.050881133162,STO=6
SNRdB=2.13,TXPdB=-25
CFO=9872.719562694845,STO=6
SNRdB=nan,TXPdB=-25
CFO=5561.686785869237,STO=7
SNRdB=nan,TXPdB=-25
CFO=4452.21286110515,STO=1
SNRdB=3.30,TXPdB=-25
CFO=6610.706073782882,STO=2
SNRdB=-6.64,TXPdB=-25
CFO=12499.501281769508,STO=0
SNRdB=nan,TXPdB=-25
CFO=11117.073782932039,STO=6
SNRdB=-4.14,TXPdB=-25
CFO=5300.526819187453,STO=3
SNRdB=3.48,TXPdB=-25
CFO=5890.709357676943,STO=5
SNRdB=nan,TXPdB=-25
CFO=10112.791490220403,STO=3
SNRdB=nan,TXPdB=-25
CFO=-10053.480403529482,STO=6
SNRdB=3.53,TXPdB=-25
CFO=-11202.526643750049,STO=0
SNRdB=-4.90,TXPdB=-25
CFO=8794.055245985497,STO=7
SNRdB=nan,TXPdB=-25
CFO=-11882.897928726603,STO=0
SNRdB=-7.49,TXPdB=-25
CFO=11437.537216994597,STO=3
SNRdB=4.83,TXPdB=-25
CFO=7730.88570298657,STO=4
SNRdB=nan,TXPdB=-25
CFO=5104.505986784705,STO=0
SNRdB=nan,TXPdB=-25
CFO=5096.56158248638,STO=1
SNRdB=3.04,TXPdB=-25
CFO=6813.219089488219,STO=0
SNRdB=nan,TXPdB=-25
CFO=5345.988169571419,STO=4
SNRdB=0.28,TXPdB=-25
CFO=6505.973690937079,STO=6
SNRdB=nan,TXPdB=-25
CFO=7789.849140879315,STO=4
SNRdB=nan,TXPdB=-25
CFO=6245.85311441956,STO=0
SNRdB=nan,TXPdB=-25
CFO=6654.993948671074,STO=5
SNRdB=-4.17,TXPdB=-25
CFO=7492.91360367663,STO=6
SNRdB=nan,TXPdB=-25
CFO=6179.645655714103,STO=1
SNRdB=nan,TXPdB=-25
CFO=7815.252749829525,STO=6
SNRdB=nan,TXPdB=-25
CFO=10023.761961271317,STO=6
SNRdB=3.82,TXPdB=-25
CFO=9092.930356542634,STO=2
SNRdB=-3.35,TXPdB=-25
CFO=9924.211232161168,STO=4
SNRdB=nan,TXPdB=-25
CFO=5341.741635323186,STO=3
SNRdB=-9.20,TXPdB=-25
CFO=7950.098608555918,STO=0
SNRdB=1.97,TXPdB=-25
CFO=7438.286969468958,STO=2
SNRdB=nan,TXPdB=-25
CFO=5398.647350919301,STO=1
SNRdB=2.57,TXPdB=-25
CFO=9768.082297692372,STO=0
SNRdB=-6.13,TXPdB=-25
CFO=8917.812389834708,STO=3
SNRdB=nan,TXPdB=-25
CFO=9068.92165400352,STO=3
SNRdB=-2.52,TXPdB=-25
CFO=9246.024949756324,STO=7
SNRdB=1.97,TXPdB=-25
CFO=6049.770420322884,STO=6
SNRdB=nan,TXPdB=-25
CFO=703.8573622524374,STO=2
SNRdB=-2.27,TXPdB=-25
CFO=5741.601885027947,STO=6
SNRdB=nan,TXPdB=-25
CFO=5903.464368125225,STO=0
SNRdB=nan,TXPdB=-25
CFO=8057.842581850111,STO=7
SNRdB=3.30,TXPdB=-25
CFO=4900.50845896601,STO=1
SNRdB=nan,TXPdB=-25
CFO=5622.1080781025275,STO=2
SNRdB=3.09,TXPdB=-25
CFO=6174.426310906923,STO=2
SNRdB=nan,TXPdB=-25
CFO=6467.232403816279,STO=5
SNRdB=nan,TXPdB=-25
CFO=-11631.47231174274,STO=1
SNRdB=-7.80,TXPdB=-25
CFO=8687.1406744234,STO=7
SNRdB=5.52,TXPdB=-25
CFO=6243.1693588171875,STO=2
SNRdB=nan,TXPdB=-25
CFO=5871.047525000956,STO=6
SNRdB=nan,TXPdB=-25
CFO=10133.579447514168,STO=6
SNRdB=2.09,TXPdB=-25
CFO=6560.732406910636,STO=2
SNRdB=nan,TXPdB=-25
CFO=8222.272531365532,STO=3
SNRdB=-2.84,TXPdB=-25
CFO=9735.250528629425,STO=4
SNRdB=nan,TXPdB=-25
CFO=6891.031169990278,STO=1
SNRdB=nan,TXPdB=-25
CFO=5265.618842126985,STO=0
SNRdB=3.31,TXPdB=-25
CFO=9056.065187314389,STO=0
SNRdB=nan,TXPdB=-25
CFO=6883.673712475301,STO=2
SNRdB=nan,TXPdB=-25
CFO=-7837.195174585408,STO=7
SNRdB=nan,TXPdB=-25
CFO=5397.129296164102,STO=1
SNRdB=2.34,TXPdB=-25
CFO=6550.793487706139,STO=4
SNRdB=-2.70,TXPdB=-25
CFO=9958.634112439973,STO=1
SNRdB=nan,TXPdB=-25
CFO=5981.398281157938,STO=7
SNRdB=-4.56,TXPdB=-25
CFO=9131.214578905532,STO=7
SNRdB=2.74,TXPdB=-25
CFO=9012.99204122159,STO=1
SNRdB=nan,TXPdB=-25
CFO=6484.395217219528,STO=1
SNRdB=nan,TXPdB=-25
CFO=11341.607138079276,STO=3
SNRdB=0.06,TXPdB=-25
CFO=8421.926800118103,STO=1
SNRdB=nan,TXPdB=-25
CFO=9248.1434716187,STO=1
SNRdB=nan,TXPdB=-25
CFO=8978.71381521382,STO=5
SNRdB=nan,TXPdB=-25
CFO=7553.293404162313,STO=4
SNRdB=-2.70,TXPdB=-25
CFO=9209.723867455134,STO=4
SNRdB=nan,TXPdB=-25
CFO=6173.071162322288,STO=5
SNRdB=nan,TXPdB=-25
CFO=9793.910356043649,STO=0
SNRdB=nan,TXPdB=-25
CFO=6361.751825956319,STO=7
SNRdB=-1.11,TXPdB=-25
CFO=5579.797697689085,STO=6
SNRdB=nan,TXPdB=-25
CFO=-12308.123186021476,STO=2
SNRdB=-12.97,TXPdB=-25
CFO=7905.2828103042275,STO=2
SNRdB=3.94,TXPdB=-25
CFO=6798.444149119208,STO=7
SNRdB=nan,TXPdB=-25
CFO=10819.92852323098,STO=0
SNRdB=nan,TXPdB=-25
CFO=6241.750871530579,STO=1
SNRdB=2.22,TXPdB=-25
CFO=8480.363508305198,STO=2
SNRdB=-2.68,TXPdB=-25
CFO=8347.386295224589,STO=7
SNRdB=nan,TXPdB=-25
CFO=11287.417637796634,STO=2
SNRdB=nan,TXPdB=-25
CFO=6806.826278167655,STO=1
SNRdB=nan,TXPdB=-25
CFO=5293.620239593578,STO=6
SNRdB=nan,TXPdB=-25
CFO=-9215.756817663547,STO=4
SNRdB=2.22,TXPdB=-25
CFO=8240.544584786041,STO=5
SNRdB=nan,TXPdB=-25
CFO=10394.283084551973,STO=2
SNRdB=nan,TXPdB=-25
CFO=9978.691583793992,STO=7
SNRdB=-9.32,TXPdB=-25
CFO=7349.777060349137,STO=3
SNRdB=3.52,TXPdB=-25
CFO=6251.536420728126,STO=5
SNRdB=nan,TXPdB=-25
CFO=6261.287692284196,STO=1
SNRdB=nan,TXPdB=-25
CFO=7613.757918331848,STO=0
SNRdB=nan,TXPdB=-25
CFO=5350.128791206703,STO=3
SNRdB=nan,TXPdB=-25
CFO=6526.657471077281,STO=0
SNRdB=nan,TXPdB=-25
CFO=11751.916843105224,STO=3
SNRdB=nan,TXPdB=-25
CFO=5766.89936683639,STO=0
SNRdB=nan,TXPdB=-25
CFO=5132.600696279405,STO=3
SNRdB=0.92,TXPdB=-25
CFO=6518.515426918428,STO=0
SNRdB=-17.95,TXPdB=-25
CFO=11165.909535215607,STO=5
SNRdB=nan,TXPdB=-25
CFO=4841.718682646426,STO=7
SNRdB=4.85,TXPdB=-25
CFO=10095.970241694293,STO=1
SNRdB=nan,TXPdB=-25
CFO=7688.07319200892,STO=5
SNRdB=nan,TXPdB=-25
CFO=5967.9031272442135,STO=4
SNRdB=-0.11,TXPdB=-25
CFO=8433.329962202162,STO=5
SNRdB=0.87,TXPdB=-25
CFO=11398.216520338636,STO=6
SNRdB=nan,TXPdB=-25
CFO=8817.823544698296,STO=2
SNRdB=nan,TXPdB=-25
CFO=7089.448773757645,STO=7
SNRdB=nan,TXPdB=-25
CFO=5711.441731287217,STO=7
SNRdB=nan,TXPdB=-25
CFO=4554.133623612153,STO=4
SNRdB=4.59,TXPdB=-25
CFO=7088.1923752059665,STO=7
SNRdB=nan,TXPdB=-25
CFO=6292.730044890857,STO=2
SNRdB=nan,TXPdB=-25
CFO=5640.176466492801,STO=4
SNRdB=1.67,TXPdB=-25
CFO=6073.860310962065,STO=1
SNRdB=1.52,TXPdB=-25
CFO=8496.385935237899,STO=0
SNRdB=nan,TXPdB=-25
CFO=9536.397350707497,STO=0
SNRdB=-17.56,TXPdB=-25
CFO=6685.458938538978,STO=3
SNRdB=3.84,TXPdB=-25
CFO=5783.005629653838,STO=3
SNRdB=nan,TXPdB=-25
CFO=5294.875707752865,STO=5
SNRdB=4.40,TXPdB=-25
CFO=6431.466531353222,STO=7
SNRdB=2.90,TXPdB=-25
CFO=8885.895699574796,STO=5
SNRdB=nan,TXPdB=-25
CFO=5096.700732977082,STO=4
SNRdB=nan,TXPdB=-25
CFO=9394.421566498835,STO=1
SNRdB=5.00,TXPdB=-25
CFO=9174.047242747925,STO=0
SNRdB=nan,TXPdB=-25
CFO=-11567.125670179455,STO=7
SNRdB=3.27,TXPdB=-25
CFO=8397.743938089383,STO=1
SNRdB=-0.27,TXPdB=-25
CFO=3707.898563178997,STO=2
SNRdB=4.27,TXPdB=-25
CFO=5030.880938106022,STO=6
SNRdB=nan,TXPdB=-25
CFO=9586.45146320883,STO=0
SNRdB=nan,TXPdB=-25
CFO=4378.052884041012,STO=3
SNRdB=-0.51,TXPdB=-25
CFO=5182.361199900868,STO=3
SNRdB=nan,TXPdB=-25
CFO=4860.09843844335,STO=5
SNRdB=4.22,TXPdB=-25
CFO=6732.922278074208,STO=3
SNRdB=-0.93,TXPdB=-25
CFO=5389.682449827529,STO=3
SNRdB=nan,TXPdB=-25
CFO=12235.364332684163,STO=4
SNRdB=-0.14,TXPdB=-25
CFO=7642.134935610692,STO=2
SNRdB=0.48,TXPdB=-25
CFO=8206.414280061777,STO=1
SNRdB=nan,TXPdB=-25
CFO=-8545.587561158627,STO=6
SNRdB=nan,TXPdB=-25
CFO=7331.916610166054,STO=0
SNRdB=5.23,TXPdB=-25
CFO=6198.925643842268,STO=4
SNRdB=nan,TXPdB=-25
CFO=5827.383100527694,STO=2
SNRdB=nan,TXPdB=-25
CFO=5018.616084031271,STO=1
SNRdB=-1.39,TXPdB=-25
CFO=8196.77542342465,STO=3
SNRdB=-0.54,TXPdB=-25
CFO=9768.416707645205,STO=0
SNRdB=nan,TXPdB=-25
CFO=4727.606069529176,STO=6
SNRdB=4.27,TXPdB=-25
CFO=6558.5698869764465,STO=1
SNRdB=nan,TXPdB=-25
CFO=-12495.759914567696,STO=3
SNRdB=nan,TXPdB=-25
CFO=5493.446818822396,STO=6
SNRdB=4.07,TXPdB=-25
CFO=8245.564392045699,STO=4
SNRdB=nan,TXPdB=-25
CFO=6433.000711151764,STO=0
SNRdB=nan,TXPdB=-25
CFO=4368.5684247906065,STO=3
SNRdB=4.01,TXPdB=-25
CFO=8007.146652437187,STO=5
SNRdB=-5.17,TXPdB=-25
CFO=5324.297199699269,STO=2
SNRdB=nan,TXPdB=-25
CFO=6711.043847396785,STO=3
SNRdB=-0.14,TXPdB=-25
CFO=10054.83118083897,STO=3
SNRdB=1.45,TXPdB=-25
CFO=5393.783168561753,STO=2
SNRdB=nan,TXPdB=-25
CFO=7017.35056979931,STO=1
SNRdB=4.39,TXPdB=-25
CFO=6236.114441226753,STO=4
SNRdB=nan,TXPdB=-25
CFO=9957.052087226677,STO=0
SNRdB=nan,TXPdB=-25
CFO=9908.127116031721,STO=3
SNRdB=0.79,TXPdB=-25
CFO=5021.011661239811,STO=7
SNRdB=nan,TXPdB=-25
CFO=4727.423419385342,STO=2
SNRdB=nan,TXPdB=-25
CFO=6137.148163623554,STO=1
SNRdB=nan,TXPdB=-25
CFO=5512.729966215348,STO=6
SNRdB=nan,TXPdB=-25
CFO=6287.9822503487985,STO=3
SNRdB=-0.34,TXPdB=-25
CFO=11804.428308964969,STO=0
SNRdB=2.01,TXPdB=-25
CFO=7792.817390789577,STO=4
SNRdB=nan,TXPdB=-25
CFO=6275.074097018742,STO=2
SNRdB=nan,TXPdB=-25
CFO=-11263.3838739614,STO=1
SNRdB=4.13,TXPdB=-25
CFO=7920.1877060115585,STO=5
SNRdB=nan,TXPdB=-25
CFO=5206.890796586387,STO=4
SNRdB=-4.05,TXPdB=-25
CFO=-4312.499127088076,STO=1
SNRdB=4.20,TXPdB=-25
CFO=7352.817261597425,STO=6
SNRdB=nan,TXPdB=-25
CFO=10791.963973289747,STO=2
SNRdB=7.44,TXPdB=-25
CFO=5075.122276850597,STO=6
SNRdB=1.43,TXPdB=-25
CFO=7640.181286543252,STO=4
SNRdB=nan,TXPdB=-25
CFO=11985.10114493036,STO=4
SNRdB=nan,TXPdB=-25
CFO=4925.857315647133,STO=4
SNRdB=4.00,TXPdB=-25
CFO=7171.167515420933,STO=1
SNRdB=nan,TXPdB=-25
CFO=9996.97375530988,STO=1
SNRdB=nan,TXPdB=-25
CFO=10442.63500601134,STO=4
SNRdB=-3.01,TXPdB=-25
CFO=6668.589640013814,STO=2
SNRdB=nan,TXPdB=-25
CFO=4985.333202686185,STO=3
SNRdB=-1.98,TXPdB=-25
CFO=8092.23288394322,STO=7
SNRdB=1.71,TXPdB=-25
CFO=6741.242439688592,STO=0
SNRdB=nan,TXPdB=-25
CFO=4901.226816858258,STO=4
SNRdB=nan,TXPdB=-25
CFO=4764.112478793856,STO=3
SNRdB=3.37,TXPdB=-25
CFO=9194.041189943124,STO=7
SNRdB=-8.39,TXPdB=-25
CFO=6837.512614494856,STO=3
SNRdB=nan,TXPdB=-25
CFO=7234.4612459948385,STO=0
SNRdB=-1.68,TXPdB=-25
CFO=10136.907182614174,STO=4
SNRdB=4.09,TXPdB=-25
CFO=9978.823541667192,STO=7
SNRdB=nan,TXPdB=-25
CFO=5537.5504266044145,STO=7
SNRdB=nan,TXPdB=-25
CFO=-9233.582464486797,STO=5
SNRdB=9.10,TXPdB=-25
CFO=9740.735682063716,STO=3
SNRdB=nan,TXPdB=-25
CFO=11833.443364881909,STO=1
SNRdB=-4.80,TXPdB=-25
CFO=9909.86431528463,STO=2
SNRdB=1.30,TXPdB=-25
CFO=5580.168904147235,STO=5
SNRdB=nan,TXPdB=-25
CFO=11184.95889727877,STO=7
SNRdB=-16.13,TXPdB=-25
CFO=5074.088276820506,STO=3
SNRdB=3.81,TXPdB=-25
CFO=6903.145271716174,STO=1
SNRdB=-4.61,TXPdB=-25
CFO=5981.277563929051,STO=0
SNRdB=nan,TXPdB=-25
CFO=7697.119335351799,STO=0
SNRdB=nan,TXPdB=-25
CFO=9111.391683968051,STO=2
SNRdB=2.93,TXPdB=-25
CFO=7063.521989737157,STO=2
SNRdB=-4.37,TXPdB=-25
CFO=7515.263980134786,STO=5
SNRdB=nan,TXPdB=-25
CFO=6101.288706059859,STO=5
SNRdB=-3.85,TXPdB=-25
CFO=6665.621450198617,STO=0
SNRdB=-2.99,TXPdB=-25
CFO=5985.034650540134,STO=1
SNRdB=nan,TXPdB=-25
CFO=11293.499335857276,STO=4
SNRdB=nan,TXPdB=-25
CFO=10924.048629837076,STO=3
SNRdB=nan,TXPdB=-25
CFO=11825.882997421466,STO=6
SNRdB=-2.46,TXPdB=-25
CFO=10508.556119276507,STO=7
SNRdB=7.15,TXPdB=-25
CFO=9303.712972453002,STO=7
SNRdB=nan,TXPdB=-25
CFO=5321.085609513362,STO=5
SNRdB=nan,TXPdB=-25
CFO=6662.343919835717,STO=7
SNRdB=-1.93,TXPdB=-25
CFO=7464.91001456993,STO=3
SNRdB=nan,TXPdB=-25
CFO=9014.221978766436,STO=1
SNRdB=nan,TXPdB=-25
CFO=5959.129551298931,STO=7
SNRdB=2.52,TXPdB=-25
CFO=6393.461917385108,STO=3
SNRdB=nan,TXPdB=-25
CFO=8802.6628758708,STO=1
SNRdB=-4.66,TXPdB=-25
CFO=6143.794835700007,STO=6
SNRdB=3.24,TXPdB=-25
CFO=7501.191699051302,STO=0
SNRdB=-14.66,TXPdB=-25
CFO=5391.237586811304,STO=5
SNRdB=nan,TXPdB=-25
CFO=8910.87924059391,STO=1
SNRdB=3.49,TXPdB=-25
CFO=6849.212632376923,STO=0
SNRdB=-10.34,TXPdB=-25
CFO=7848.293408972161,STO=2
SNRdB=nan,TXPdB=-25
CFO=7748.7622657769125,STO=2
SNRdB=2.75,TXPdB=-25
CFO=9726.058072399283,STO=0
SNRdB=nan,TXPdB=-25
CFO=5782.525789002337,STO=7
SNRdB=nan,TXPdB=-25
CFO=7355.83324167272,STO=7
SNRdB=nan,TXPdB=-25
CFO=11433.196724631145,STO=2
SNRdB=-6.92,TXPdB=-25
CFO=8765.476384934675,STO=7
SNRdB=2.14,TXPdB=-25
CFO=9175.255618197481,STO=0
SNRdB=nan,TXPdB=-25
CFO=4140.380470663846,STO=2
SNRdB=2.93,TXPdB=-25
CFO=7798.630934777708,STO=1
SNRdB=-5.40,TXPdB=-25
CFO=9079.23757687836,STO=4
SNRdB=nan,TXPdB=-25
CFO=3274.369380331145,STO=1
SNRdB=nan,TXPdB=-25
CFO=7290.549384158386,STO=0
SNRdB=2.45,TXPdB=-25
CFO=8267.957174397945,STO=0
SNRdB=-0.73,TXPdB=-25
CFO=7627.3706966774325,STO=2
SNRdB=nan,TXPdB=-25
CFO=-12255.416600227716,STO=1
SNRdB=-4.87,TXPdB=-25
CFO=5770.193907648488,STO=6
SNRdB=2.55,TXPdB=-25
CFO=9919.534942450202,STO=1
SNRdB=nan,TXPdB=-25
CFO=4762.133348962249,STO=5
SNRdB=nan,TXPdB=-25
CFO=5926.656270457135,STO=7
SNRdB=1.14,TXPdB=-25
CFO=6703.95517933767,STO=6
SNRdB=-1.74,TXPdB=-25
CFO=6014.123217590716,STO=3
SNRdB=nan,TXPdB=-25
CFO=4526.239674501484,STO=2
SNRdB=nan,TXPdB=-25
CFO=5512.474551828912,STO=3
SNRdB=3.85,TXPdB=-25
CFO=8968.044125311722,STO=4
SNRdB=nan,TXPdB=-25
CFO=9311.549474648657,STO=6
SNRdB=nan,TXPdB=-25
CFO=6144.339231035837,STO=7
SNRdB=2.57,TXPdB=-25
CFO=10585.651895940655,STO=5
SNRdB=-11.84,TXPdB=-25
CFO=6106.257811548485,STO=1
SNRdB=3.00,TXPdB=-25
CFO=5257.935890657729,STO=6
SNRdB=nan,TXPdB=-25
CFO=6679.967158754815,STO=6
SNRdB=nan,TXPdB=-25
CFO=9196.989895793078,STO=2
SNRdB=-3.72,TXPdB=-25
CFO=11322.016267511366,STO=3
SNRdB=nan,TXPdB=-25
CFO=10885.90246894364,STO=1
SNRdB=nan,TXPdB=-25
CFO=7016.735280131411,STO=6
SNRdB=3.07,TXPdB=-25
CFO=5826.7935061475455,STO=1
SNRdB=nan,TXPdB=-25
CFO=5295.406417460371,STO=6
SNRdB=-1.79,TXPdB=-25
CFO=8533.74386186355,STO=1
SNRdB=nan,TXPdB=-25
CFO=8434.049480075053,STO=4
SNRdB=nan,TXPdB=-25
CFO=5614.4478692323,STO=1
SNRdB=-1.96,TXPdB=-25
CFO=11713.900112596883,STO=5
SNRdB=-19.78,TXPdB=-25
CFO=6688.182624117709,STO=3
SNRdB=3.65,TXPdB=-25
CFO=7249.445615400718,STO=7
SNRdB=nan,TXPdB=-25
CFO=4330.382410811247,STO=1
SNRdB=1.33,TXPdB=-25
CFO=8320.562285606333,STO=5
SNRdB=nan,TXPdB=-25
CFO=6619.40290418143,STO=0
SNRdB=4.07,TXPdB=-25
CFO=8784.477333820154,STO=6
SNRdB=nan,TXPdB=-25
CFO=6049.22071103541,STO=6
SNRdB=nan,TXPdB=-25
CFO=5065.67860407661,STO=7
SNRdB=nan,TXPdB=-25
CFO=7227.266551047316,STO=2
SNRdB=3.66,TXPdB=-25
CFO=8709.742277434614,STO=6
SNRdB=nan,TXPdB=-25
CFO=10187.811638996498,STO=5
SNRdB=nan,TXPdB=-25
CFO=5406.569318139149,STO=0
SNRdB=2.44,TXPdB=-25
CFO=5229.751587166102,STO=3
SNRdB=nan,TXPdB=-25
CFO=5526.795089519712,STO=2
SNRdB=nan,TXPdB=-25
CFO=9461.645510715181,STO=3
SNRdB=nan,TXPdB=-25
CFO=7357.185352722671,STO=6
SNRdB=nan,TXPdB=-25
CFO=4568.796861396381,STO=5
SNRdB=0.69,TXPdB=-25
CFO=5287.671275563005,STO=3
SNRdB=3.44,TXPdB=-25
CFO=11502.29371586323,STO=7
SNRdB=nan,TXPdB=-25
CFO=5616.073630758173,STO=6
SNRdB=0.67,TXPdB=-25
CFO=11099.320404327464,STO=5
SNRdB=nan,TXPdB=-25
CFO=9876.047715903054,STO=7
SNRdB=nan,TXPdB=-25
CFO=11315.050056673605,STO=1
SNRdB=4.08,TXPdB=-25
CFO=5631.322041187186,STO=4
SNRdB=nan,TXPdB=-25
CFO=6060.0605040224245,STO=0
SNRdB=-0.27,TXPdB=-25
CFO=7687.656098394381,STO=2
SNRdB=nan,TXPdB=-25
CFO=3836.276217592723,STO=7
SNRdB=1.02,TXPdB=-25
CFO=8033.703123659041,STO=1
SNRdB=-0.43,TXPdB=-25
CFO=7278.6885134954555,STO=4
SNRdB=4.26,TXPdB=-25
CFO=6932.96468491831,STO=4
SNRdB=nan,TXPdB=-25
CFO=9877.084152424912,STO=1
SNRdB=nan,TXPdB=-25
CFO=10455.331064843102,STO=5
SNRdB=nan,TXPdB=-25
CFO=5294.744226449136,STO=5
SNRdB=nan,TXPdB=-25
CFO=7895.384114148976,STO=5
SNRdB=3.36,TXPdB=-25
CFO=9850.50477334929,STO=0
SNRdB=-12.87,TXPdB=-25
CFO=9004.077279416413,STO=7
SNRdB=nan,TXPdB=-25
CFO=4568.5445122302135,STO=3
SNRdB=-5.53,TXPdB=-25
CFO=-12213.91570172022,STO=1
SNRdB=2.89,TXPdB=-25
CFO=6282.957456403774,STO=5
SNRdB=nan,TXPdB=-25
CFO=5945.558810176263,STO=7
SNRdB=-0.36,TXPdB=-25
CFO=8523.371439036855,STO=3
SNRdB=4.74,TXPdB=-25
CFO=10719.825937595248,STO=6
SNRdB=nan,TXPdB=-25
CFO=6693.126811619176,STO=7
SNRdB=nan,TXPdB=-25
CFO=9787.107026157828,STO=3
SNRdB=1.99,TXPdB=-25
CFO=6165.629308097617,STO=3
SNRdB=-3.78,TXPdB=-25
CFO=7571.438160352487,STO=2
SNRdB=nan,TXPdB=-25
CFO=-11992.655357194175,STO=3
SNRdB=1.17,TXPdB=-25
CFO=9292.20984077454,STO=4
SNRdB=2.53,TXPdB=-25
CFO=5484.3819965940875,STO=1
SNRdB=nan,TXPdB=-25
CFO=8283.514734682267,STO=5
SNRdB=nan,TXPdB=-25
CFO=5048.605912441767,STO=2
SNRdB=4.98,TXPdB=-25
CFO=7107.993041633493,STO=4
SNRdB=nan,TXPdB=-25
CFO=10079.110888015664,STO=4
SNRdB=nan,TXPdB=-25
CFO=6670.958976720579,STO=6
SNRdB=nan,TXPdB=-25
CFO=10243.508577549212,STO=5
SNRdB=nan,TXPdB=-25
CFO=5939.29366628568,STO=5
SNRdB=nan,TXPdB=-25
CFO=5986.723508796406,STO=0
SNRdB=nan,TXPdB=-25
CFO=7013.773385234686,STO=3
SNRdB=0.68,TXPdB=-25
CFO=7050.540828305069,STO=1
SNRdB=nan,TXPdB=-25
CFO=1437.0012613443068,STO=5
SNRdB=nan,TXPdB=-25
CFO=4038.154144802756,STO=2
SNRdB=nan,TXPdB=-25
CFO=5877.714277645315,STO=5
SNRdB=nan,TXPdB=-25
CFO=5757.44107993098,STO=0
SNRdB=nan,TXPdB=-25
CFO=9441.5900356824,STO=4
SNRdB=-0.83,TXPdB=-25
CFO=5908.010236515712,STO=0
SNRdB=nan,TXPdB=-25
CFO=7554.315875968625,STO=4
SNRdB=nan,TXPdB=-25
CFO=4378.012480065925,STO=0
SNRdB=4.27,TXPdB=-25
CFO=5228.6408681766425,STO=4
SNRdB=-6.57,TXPdB=-25
CFO=-11167.862678328114,STO=6
SNRdB=7.82,TXPdB=-25
CFO=10447.917791344888,STO=1
SNRdB=nan,TXPdB=-25
CFO=7036.274802946855,STO=5
SNRdB=nan,TXPdB=-25
CFO=5770.3860487740485,STO=5
SNRdB=-1.77,TXPdB=-25
CFO=5378.250654214023,STO=6
SNRdB=-0.59,TXPdB=-25
CFO=5910.372432640458,STO=4
SNRdB=nan,TXPdB=-25
CFO=10283.55836591981,STO=0
SNRdB=nan,TXPdB=-25
CFO=10814.823557952597,STO=4
SNRdB=3.77,TXPdB=-25
CFO=9464.924623742367,STO=2
SNRdB=nan,TXPdB=-25
CFO=9830.952579677987,STO=2
SNRdB=nan,TXPdB=-25
CFO=8934.344405272863,STO=6
SNRdB=nan,TXPdB=-25
CFO=7542.20985343582,STO=1
SNRdB=1.02,TXPdB=-25
CFO=9311.78075045862,STO=2
SNRdB=nan,TXPdB=-25
CFO=7321.386593892044,STO=3
SNRdB=4.08,TXPdB=-25
CFO=7497.978419795769,STO=1
SNRdB=0.52,TXPdB=-25
CFO=5336.972801861685,STO=5
SNRdB=-0.85,TXPdB=-25
CFO=8896.598994966747,STO=1
SNRdB=1.31,TXPdB=-25
CFO=6833.3670112274,STO=0
SNRdB=nan,TXPdB=-25
CFO=11800.25178378924,STO=3
SNRdB=nan,TXPdB=-25
CFO=7613.040146832537,STO=6
SNRdB=nan,TXPdB=-25
CFO=11348.146642790518,STO=1
SNRdB=nan,TXPdB=-25
CFO=4514.941700774058,STO=5
SNRdB=4.27,TXPdB=-25
CFO=8341.136606525211,STO=6
SNRdB=-11.22,TXPdB=-25
CFO=5749.33719664062,STO=1
SNRdB=1.01,TXPdB=-25
CFO=6141.958904592409,STO=2
SNRdB=nan,TXPdB=-25
CFO=-9854.866584772311,STO=2
SNRdB=nan,TXPdB=-25
CFO=5844.1193822127125,STO=6
SNRdB=3.52,TXPdB=-25
CFO=5973.237904586816,STO=0
SNRdB=-5.78,TXPdB=-25
CFO=10037.837835210667,STO=3
SNRdB=nan,TXPdB=-25
CFO=4562.457375933096,STO=4
SNRdB=-1.32,TXPdB=-25
CFO=7273.149957757729,STO=0
SNRdB=nan,TXPdB=-25
CFO=11312.218832008655,STO=3
SNRdB=nan,TXPdB=-25
CFO=12433.228910707148,STO=7
SNRdB=3.67,TXPdB=-25
CFO=6373.983314250052,STO=4
SNRdB=-15.87,TXPdB=-25
CFO=5265.937853021279,STO=6
SNRdB=-0.41,TXPdB=-25
CFO=5469.904000748274,STO=1
SNRdB=1.91,TXPdB=-25
CFO=6293.248566393138,STO=6
SNRdB=nan,TXPdB=-25
CFO=7990.10792287132,STO=2
SNRdB=nan,TXPdB=-25
CFO=4047.1352810616913,STO=1
SNRdB=7.34,TXPdB=-25
CFO=9804.464407047135,STO=4
SNRdB=nan,TXPdB=-25
CFO=12424.490234063098,STO=6
SNRdB=nan,TXPdB=-25
CFO=5459.0621457610305,STO=0
SNRdB=1.63,TXPdB=-25
CFO=11561.690122016646,STO=1
SNRdB=nan,TXPdB=-25
CFO=6994.679232072473,STO=6
SNRdB=nan,TXPdB=-25
CFO=-10033.79299331638,STO=3
SNRdB=3.67,TXPdB=-25
