CFO=-2563.9641819416793,STO=5
SNRdB=7.69,TXPdB=0
packet_number=1,correct=False,payload=[204,119,240,115,173,229,195,227,35,251,195,227,131,227,203,230,119,246,215,231,239,231,239,231,15,103,199,239,167,239,231,236,13,124,205,255,143,237,207,239,15,127,223,239,175,239,207,238,110,239,238,255,223,239,223,239,159,239,255,239,143,255,239,252,155,120,220,253,157,255,217,251,27,251,219,251,155,255,219,255,30,126,222,255,159,255,223,255,63,127,223,255,159,255,255,252,156,124,252,249]
CFO=-260.079376345816,STO=1
SNRdB=5.95,TXPdB=0
packet_number=2,correct=False,payload=[221,50,187,228,221,85,151,23,159,23,184,92,185,185,154,27,187,27,188,93,157,159,159,94,223,31,160,32,231,169,166,162,227,35,166,37,165,173,166,103,183,111,168,56,169,59,186,46,187,43,190,190,237,63,174,110,239,47,176,53,177,181,225,183,227,40,204,58,232,201,84,71,173,15,38,106,40,108,80,242,231,175,58,148,2,173,77,45,134,68,205,84,227,227,219,86,47,245,120,1]
CFO=899.4501502503468,STO=0
SNRdB=5.31,TXPdB=0
packet_number=3,correct=False,payload=[68,199,4,167,6,118,134,166,198,247,7,39,71,103,135,167,199,232,8,168,72,104,136,168,200,233,9,41,73,121,173,169,201,234,26,170,74,106,138,170,202,235,11,43,75,107,139,171,203,236,45,172,76,120,99,162,50,49,29,210,106,39,188,89,84,65,167,32,21,112,57,95,255,106,247,229,89,201,59,218,165,192,56,145,101,25,62,194,131,188,118,16,228,224,50,155,96,184,34,200]
CFO=322.0745393862592,STO=0
SNRdB=5.79,TXPdB=0
packet_number=4,correct=False,payload=[21,81,48,145,49,113,33,113,129,147,161,177,193,215,225,242,2,58,34,54,74,82,102,114,130,183,162,182,214,215,226,243,3,19,99,55,67,83,115,115,131,151,167,179,203,255,227,252,4,30,36,52,68,212,100,117,150,181,172,180,196,220,245,247,7,23,37,53,95,119,101,245,133,159,173,181,197,215,239,246,6,22,38,124,112,202,100,108,53,52,153,140,231,177,118,159,46,239,254,13]
CFO=775.8606511581468,STO=5
SNRdB=6.06,TXPdB=0
packet_number=5,correct=False,payload=[44,160,204,72,204,240,244,248,124,96,236,238,124,240,125,248,253,128,133,152,157,177,188,152,189,225,237,185,156,241,245,249,252,208,207,216,221,209,245,251,221,225,237,233,237,241,252,249,255,3,13,27,31,51,55,57,63,103,111,123,63,115,125,121,63,195,207,91,223,243,223,122,93,243,231,251,255,245,125,249,255,131,135,159,159,28,224,16,240,125,154,24,76,109,236,25,133,235,242,134]
CFO=-452.4813905565393,STO=3
SNRdB=5.76,TXPdB=0
packet_number=6,correct=False,payload=[163,121,33,69,170,170,251,72,103,166,162,194,227,131,39,99,103,147,227,211,228,142,36,100,100,149,164,212,229,85,37,69,101,133,181,197,230,39,38,102,110,150,230,198,231,7,103,71,231,167,175,199,232,8,173,72,232,136,184,202,233,11,43,89,105,233,171,201,234,170,106,107,110,154,170,218,235,91,63,75,235,207,171,203,238,204,174,92,120,246,220,60,34,95,245,161,237,16,195,199]
CFO=-1727.2888434814179,STO=7
SNRdB=5.82,TXPdB=0
packet_number=7,correct=False,payload=[58,174,82,206,60,255,110,182,246,103,108,126,189,126,125,122,245,62,120,254,60,190,110,214,78,94,200,110,94,95,116,119,252,223,216,90,220,255,230,110,237,254,253,234,124,110,240,247,246,118,123,126,253,255,133,199,140,207,223,139,141,158,177,183,255,214,185,191,191,254,249,231,229,175,185,254,188,254,245,187,252,247,187,255,255,190,195,223,215,239,206,164,137,219,48,183,183,112,157,127]
CFO=-3330.3644367856386,STO=5
SNRdB=7.18,TXPdB=0
packet_number=8,correct=False,payload=[254,220,99,120,242,250,168,217,241,67,179,113,107,159,229,201,242,38,50,107,115,222,227,230,239,19,51,71,115,227,239,199,228,149,38,102,253,159,230,221,247,167,173,103,103,215,181,253,239,71,182,255,111,231,191,230,255,159,167,231,247,167,191,199,254,94,43,216,232,138,173,237,253,205,249,237,237,171,171,239,250,63,111,207,250,206,186,238,239,27,127,79,251,223,175,255,254,158,61,238]
CFO=-6826.314832765221,STO=6
SNRdB=7.49,TXPdB=0
packet_number=9,correct=False,payload=[255,255,255,223,255,255,190,255,143,247,141,253,255,223,255,239,223,127,252,255,251,191,223,255,255,223,207,127,255,255,254,127,255,223,251,255,255,251,215,119,255,127,255,255,191,255,255,255,255,255,190,255,255,191,191,255,255,255,255,255,255,191,255,255,191,255,239,254,247,255,239,239,255,255,191,255,255,127,255,255,255,255,251,253,251,251,255,255,255,127,255,255,255,255,255,255,255,127,255,251]
CFO=-1369.9365487580562,STO=7
SNRdB=8.02,TXPdB=0
packet_number=10,correct=False,payload=[251,123,62,36,211,52,49,194,120,102,116,128,144,164,177,216,208,241,241,107,61,33,183,81,83,101,121,129,145,169,249,193,209,241,250,3,54,34,243,66,82,243,114,131,146,166,243,210,210,234,243,3,19,51,115,87,243,99,243,227,155,171,183,203,219,231,245,4,84,37,60,68,221,124,116,220,148,164,180,196,212,228,247,71,149,37,53,85,119,103,127,151,149,167,181,221,215,229,254,135]
CFO=2315.7652844386052,STO=1
SNRdB=7.93,TXPdB=0
packet_number=11,correct=False,payload=[0,49,130,3,68,5,6,7,8,9,10,11,12,13,14,15,16,17,18,19,20,21,22,23,24,25,26,27,28,29,30,31,32,33,34,35,36,37,38,39,40,41,42,43,44,45,110,47,48,49,50,51,52,53,54,55,56,57,58,59,60,61,126,63,64,65,66,67,68,69,70,71,72,73,74,75,76,77,110,79,80,81,82,83,84,85,86,87,88,89,90,91,92,93,94,95,96,97,98,99]
CFO=-9054.544090144402,STO=1
SNRdB=9.45,TXPdB=0
packet_number=12,correct=False,payload=[251,251,191,249,255,255,243,223,251,255,249,247,254,255,255,255,255,255,255,255,255,255,247,255,255,255,251,255,255,255,255,255,255,255,255,255,255,255,247,255,255,255,255,255,255,255,255,255,255,255,255,255,255,255,255,255,255,255,127,255,255,255,255,255,255,255,255,255,255,255,63,255,255,255,255,255,255,255,255,255,255,255,255,255,255,255,255,255,255,255,255,255,255,255,255,255,255,255,255,255]
CFO=10038.493518363388,STO=0
SNRdB=9.78,TXPdB=0
packet_number=13,correct=False,payload=[0,1,2,3,4,5,6,7,8,9,10,11,12,13,14,15,16,17,18,19,20,21,22,23,24,25,26,27,28,29,30,31,32,33,34,35,36,37,38,39,40,41,42,43,44,45,46,47,48,49,50,51,52,53,54,55,56,57,58,59,60,61,62,63,64,65,66,67,68,69,70,71,72,72,74,75,76,77,78,79,80,81,82,83,84,85,86,87,88,89,90,91,92,93,94,95,96,97,98,99]
CFO=677.6012825746873,STO=2
SNRdB=9.62,TXPdB=0
packet_number=14,correct=False,payload=[0,1,2,3,4,5,6,39,8,9,10,11,12,13,14,15,16,17,18,19,20,21,22,23,24,25,26,27,28,29,30,31,32,33,34,35,36,37,46,39,40,41,42,43,44,45,46,47,48,49,50,51,52,53,54,55,56,57,58,59,60,61,62,63,64,65,66,67,68,69,70,71,72,73,74,75,76,77,78,79,80,81,82,83,84,85,86,87,88,89,122,91,92,93,94,95,96,97,98,99]
CFO=-9778.626182392987,STO=6
SNRdB=9.98,TXPdB=0
packet_number=15,correct=False,payload=[255,254,255,255,255,253,255,255,255,255,255,255,255,255,255,255,255,255,255,255,255,255,255,255,255,255,255,255,255,255,255,255,255,255,255,255,255,255,255,255,255,255,255,255,255,255,255,255,255,255,255,255,255,255,255,255,255,255,255,255,255,255,255,255,255,255,255,255,255,255,255,255,255,255,255,255,255,255,255,255,255,255,255,255,255,255,255,255,255,255,255,255,255,255,255,255,255,255,255,255]
CFO=3166.991193970555,STO=2
SNRdB=9.78,TXPdB=0
packet_number=16,correct=False,payload=[0,1,2,3,4,5,6,7,8,9,10,11,12,13,14,15,16,17,18,19,20,21,22,23,24,25,26,27,28,29,30,31,32,33,34,35,38,37,38,39,40,41,42,43,44,45,46,47,48,49,50,51,52,53,54,55,56,57,58,59,60,61,62,63,64,65,66,67,68,69,70,71,72,73,74,75,76,77,78,79,80,81,82,83,84,85,86,87,88,89,90,91,92,93,94,95,96,97,98,99]
CFO=-9545.867328351977,STO=6
SNRdB=9.19,TXPdB=0
packet_number=17,correct=False,payload=[251,127,255,255,247,253,255,255,255,255,255,255,255,255,255,255,255,255,255,255,255,255,255,255,255,255,255,255,255,255,255,255,255,191,255,255,255,255,255,255,255,255,255,255,255,255,255,255,255,255,255,255,255,255,255,255,255,255,255,255,255,255,255,255,251,223,255,255,255,255,255,255,255,255,255,255,255,255,255,255,255,255,255,255,255,255,255,255,255,255,255,255,255,255,255,255,255,255,255,255]
CFO=11178.174630559071,STO=2
SNRdB=9.51,TXPdB=0
packet_number=18,correct=False,payload=[0,1,0,3,4,5,6,7,8,9,10,11,12,13,14,15,16,17,18,19,20,21,22,23,24,25,26,27,28,29,30,31,32,33,34,35,36,37,38,39,40,41,42,43,44,45,46,47,48,49,50,51,52,53,54,55,56,57,58,59,60,61,62,63,64,65,66,67,68,69,70,71,72,73,74,75,76,77,78,79,80,81,82,83,84,85,86,87,88,89,90,91,92,93,94,95,96,97,98,99]
CFO=12457.753641923926,STO=4
SNRdB=10.12,TXPdB=0
packet_number=19,correct=True,payload=[0,1,2,3,4,5,6,7,8,9,10,11,12,13,14,15,16,17,18,19,20,21,22,23,24,25,26,27,28,29,30,31,32,33,34,35,36,37,38,39,40,41,42,43,44,45,46,47,48,49,50,51,52,53,54,55,56,57,58,59,60,61,62,63,64,65,66,67,68,69,70,71,72,73,74,75,76,77,78,79,80,81,82,83,84,85,86,87,88,89,90,91,92,93,94,95,96,97,98,99]
CFO=-7107.678519799907,STO=5
SNRdB=9.72,TXPdB=0
packet_number=20,correct=False,payload=[239,239,223,255,207,183,199,223,227,249,235,255,127,255,255,251,255,255,252,247,111,255,255,255,255,215,255,254,255,255,255,255,255,255,254,239,251,191,223,253,255,239,239,255,239,255,255,127,239,255,253,255,254,254,255,253,255,221,255,255,255,255,255,255,255,191,247,223,255,221,247,255,95,245,255,255,255,255,251,247,255,255,255,247,247,255,255,247,255,245,255,191,127,255,223,255,255,255,254,255]
CFO=4000.3695016291977,STO=6
SNRdB=9.27,TXPdB=0
CFO=-8670.099561162255,STO=6
SNRdB=9.57,TXPdB=0
packet_number=21,correct=False,payload=[41,126,0,6,4,6,8,30,28,30,48,54,52,22,56,62,28,62,96,102,44,110,120,126,124,126,112,118,124,118,120,126,124,126,192,198,204,206,216,222,220,222,240,246,252,254,248,254,252,254,224,230,236,238,248,234,252,254,240,246,252,254,248,254,252,255,129,135,141,143,153,159,157,159,177,183,189,191,185,191,189,189,225,231,173,229,249,255,237,255,241,247,253,255,249,191,253,255,193,199]
packet_number=22,correct=False,payload=[111,255,255,255,223,255,255,191,255,159,255,239,255,255,255,255,175,255,255,255,253,255,255,255,255,255,255,255,255,255,255,255,255,255,255,255,223,255,255,255,255,255,255,255,255,255,255,255,255,255,255,255,255,255,255,255,255,255,255,255,255,255,255,255,255,255,255,255,247,255,255,255,255,255,255,255,255,255,255,255,255,255,255,255,255,255,255,255,255,255,255,255,255,255,255,254,255,255,255,255]
CFO=11192.769725907336,STO=3
SNRdB=9.78,TXPdB=0
packet_number=23,correct=True,payload=[0,1,2,3,4,5,6,7,8,9,10,11,12,13,14,15,16,17,18,19,20,21,22,23,24,25,26,27,28,29,30,31,32,33,34,35,36,37,38,39,40,41,42,43,44,45,46,47,48,49,50,51,52,53,54,55,56,57,58,59,60,61,62,63,64,65,66,67,68,69,70,71,72,73,74,75,76,77,78,79,80,81,82,83,84,85,86,87,88,89,90,91,92,93,94,95,96,97,98,99]
CFO=1692.541465749442,STO=3
SNRdB=9.71,TXPdB=0
packet_number=24,correct=False,payload=[0,17,2,3,4,5,6,7,8,9,10,11,12,141,14,15,16,17,18,19,20,21,22,23,24,25,26,27,28,29,30,31,32,97,34,35,36,37,38,39,40,41,42,43,44,45,46,47,52,49,50,51,52,53,54,55,56,57,58,59,60,61,62,63,64,65,66,67,68,69,70,71,72,73,74,75,76,77,78,79,80,81,82,83,84,85,86,87,88,89,90,91,92,93,94,95,96,97,98,99]
CFO=-10693.376473219769,STO=1
SNRdB=9.94,TXPdB=0
packet_number=25,correct=False,payload=[255,254,187,247,255,247,255,251,255,255,255,255,247,255,255,255,255,255,255,255,255,255,255,255,255,255,255,255,255,255,255,255,255,255,255,255,255,255,255,255,255,255,255,255,255,255,255,255,255,255,255,255,255,255,255,255,255,255,255,255,255,255,255,255,255,255,255,255,255,255,255,255,255,255,255,255,255,255,255,255,255,255,255,255,255,255,255,255,255,255,255,255,255,255,255,255,255,255,255,255]
CFO=11907.248350229767,STO=4
SNRdB=9.84,TXPdB=0
packet_number=26,correct=False,payload=[0,0,0,1,4,1,6,7,8,9,10,11,12,13,14,15,16,17,18,19,20,21,22,23,24,25,26,27,28,29,30,31,32,33,34,35,36,37,38,39,40,41,42,43,44,45,46,47,48,49,50,51,52,53,54,55,56,57,58,59,60,61,62,63,64,65,66,67,68,69,70,71,72,73,74,75,76,77,78,79,80,81,82,83,84,85,86,87,88,89,90,91,92,93,94,95,96,97,98,99]
CFO=9231.939842494354,STO=2
SNRdB=9.32,TXPdB=0
packet_number=27,correct=False,payload=[0,1,2,3,4,5,6,7,8,9,10,11,12,13,14,15,16,17,18,51,20,21,22,23,24,25,26,27,28,29,30,31,32,33,34,35,36,37,38,39,40,41,42,43,44,45,46,47,48,49,50,51,52,53,54,55,56,57,58,59,60,61,62,63,64,65,66,67,68,69,70,71,72,73,74,75,76,77,78,79,80,81,82,83,84,85,86,87,88,89,90,91,92,93,94,95,96,97,98,99]
CFO=-11085.813168291392,STO=4
SNRdB=9.82,TXPdB=0
CFO=3222.9465559803934,STO=2
SNRdB=9.89,TXPdB=0
packet_number=28,correct=False,payload=[247,255,251,247,255,63,255,255,255,255,255,255,255,255,255,255,255,255,255,255,255,255,255,255,255,255,255,255,255,255,255,255,255,255,255,255,255,255,255,255,255,255,255,255,255,255,255,255,255,255,255,255,255,255,255,255,255,255,255,255,255,255,255,255,255,255,255,255,255,255,255,255,255,255,255,255,255,255,255,255,255,255,255,255,255,255,255,255,255,255,255,255,255,255,255,255,255,255,255,255]
packet_number=29,correct=False,payload=[0,65,130,3,4,5,6,7,8,9,10,11,12,13,14,15,16,17,18,19,20,21,22,23,24,25,26,27,28,29,30,31,32,33,34,35,36,37,38,39,40,41,42,43,44,45,46,63,48,49,50,51,52,53,54,55,56,57,186,59,62,61,62,63,64,65,66,67,68,69,70,71,72,73,75,75,76,77,78,79,80,81,82,83,84,85,86,87,88,89,90,91,92,93,94,95,96,97,98,99]
CFO=4898.303743577538,STO=0
SNRdB=9.80,TXPdB=0
CFO=-8794.897301795265,STO=1
SNRdB=9.93,TXPdB=0
packet_number=30,correct=False,payload=[0,1,2,3,4,5,6,7,12,9,10,11,12,13,14,15,16,17,18,19,20,21,22,23,24,25,26,27,28,29,30,31,32,33,34,35,36,37,38,39,40,41,42,43,44,45,46,47,48,49,50,59,52,53,54,55,56,57,58,59,60,61,62,63,64,65,66,67,70,69,70,71,200,73,74,75,76,77,78,79,80,81,82,91,84,85,86,87,88,89,90,91,92,93,94,95,96,97,98,99]
CFO=3276.835820772318,STO=3
SNRdB=9.77,TXPdB=0
packet_number=31,correct=False,payload=[127,239,255,255,255,255,255,253,255,191,255,255,255,255,255,255,255,255,255,255,255,191,255,255,255,255,255,255,255,255,255,255,255,255,255,255,255,255,255,255,255,255,255,255,255,255,255,255,255,255,255,255,255,239,255,255,255,255,255,255,255,255,255,255,255,159,255,255,255,255,255,255,255,255,255,255,255,255,255,255,255,255,255,255,255,255,255,255,255,255,255,255,255,255,255,255,255,255,255,255]
CFO=7737.255961489594,STO=7
SNRdB=9.93,TXPdB=0
packet_number=32,correct=False,payload=[0,1,2,3,4,5,6,7,8,9,10,11,12,29,14,15,16,17,18,19,20,21,22,23,24,25,26,27,28,29,30,31,32,33,34,35,36,37,38,39,40,41,42,43,44,45,46,47,48,51,50,51,52,53,54,55,56,57,58,59,60,61,62,63,64,69,66,67,68,69,70,71,72,73,74,75,76,77,78,79,208,83,82,83,84,85,86,87,88,91,90,91,92,125,94,95,96,225,98,99]
CFO=4867.769848131233,STO=1
SNRdB=9.49,TXPdB=0
packet_number=33,correct=False,payload=[0,0,2,3,4,5,6,7,8,9,10,11,12,13,14,15,16,17,18,19,20,21,22,23,24,25,27,27,156,29,31,31,32,33,34,35,36,37,38,39,40,41,42,43,44,45,46,47,48,49,50,51,52,53,54,55,56,57,56,59,60,61,62,63,64,65,66,67,68,69,70,71,72,73,74,75,76,77,206,79,80,81,82,83,84,85,86,87,88,89,126,91,92,93,62,95,96,97,98,99]
packet_number=34,correct=True,payload=[0,1,2,3,4,5,6,7,8,9,10,11,12,13,14,15,16,17,18,19,20,21,22,23,24,25,26,27,28,29,30,31,32,33,34,35,36,37,38,39,40,41,42,43,44,45,46,47,48,49,50,51,52,53,54,55,56,57,58,59,60,61,62,63,64,65,66,67,68,69,70,71,72,73,74,75,76,77,78,79,80,81,82,83,84,85,86,87,88,89,90,91,92,93,94,95,96,97,98,99]
CFO=4405.853331367883,STO=1
SNRdB=9.99,TXPdB=0
packet_number=35,correct=False,payload=[0,32,96,48,192,240,224,113,129,145,225,241,193,240,224,243,3,51,99,115,195,115,227,243,129,179,227,243,195,243,227,246,6,22,102,116,198,246,226,243,135,183,231,247,199,247,231,247,7,55,39,119,199,247,231,231,135,183,227,247,199,247,231,252,12,60,108,116,204,252,236,237,141,189,237,253,205,253,237,255,15,63,111,127,207,255,239,255,143,63,239,255,207,255,237,254,14,62,110,124]
CFO=-11496.05881377331,STO=4
SNRdB=10.09,TXPdB=0
packet_number=36,correct=False,payload=[255,251,247,255,255,255,255,255,255,255,255,255,255,255,255,255,255,255,255,255,255,255,255,255,255,255,255,255,255,255,255,255,255,255,255,255,255,255,255,255,255,255,255,255,255,255,255,255,255,255,247,255,255,255,239,255,255,255,255,255,255,255,255,255,255,255,255,255,255,255,255,255,255,255,255,255,255,255,255,255,255,255,255,255,255,255,255,255,255,255,255,255,255,255,255,255,255,255,238,255]
CFO=11865.025222908844,STO=0
SNRdB=9.62,TXPdB=0
packet_number=37,correct=False,payload=[16,32,48,64,16,64,112,128,128,32,160,192,192,192,224,0,17,0,32,64,16,64,113,129,145,129,177,129,193,225,240,2,18,2,32,2,0,66,114,0,144,162,50,130,210,226,243,3,19,35,50,67,18,98,99,131,147,163,51,131,147,227,224,0,4,36,52,0,16,68,116,128,0,32,176,196,208,228,228,5,16,32,36,4,4,100,101,133,5,133,165,129,193,225,230,4,4,38,56,48]
CFO=-10509.150177339177,STO=3
SNRdB=9.97,TXPdB=0
packet_number=38,correct=False,payload=[255,190,235,255,255,255,255,255,255,255,255,255,255,255,255,255,255,255,255,255,255,255,255,255,255,255,255,255,255,255,255,255,255,255,255,255,127,255,255,254,255,255,255,255,255,255,255,255,255,255,255,255,255,255,255,255,255,255,255,255,255,255,255,255,255,255,255,255,127,255,255,255,255,255,255,255,255,255,255,255,255,255,255,255,255,255,255,255,255,255,255,255,255,255,255,255,255,255,255,255]
CFO=9920.20242095234,STO=7
SNRdB=9.81,TXPdB=0
packet_number=39,correct=False,payload=[0,1,2,3,4,1,4,7,8,9,10,11,12,13,14,15,16,17,18,19,20,21,22,23,24,25,26,27,28,28,30,31,32,1,34,35,36,37,38,39,40,1,42,43,44,45,14,15,48,33,50,51,52,53,54,55,56,49,58,51,60,61,62,63,64,65,66,67,68,68,70,71,72,73,66,75,76,77,78,79,80,81,18,83,20,85,22,87,88,89,90,27,88,93,94,95,96,97,96,99]
CFO=-9998.111421934222,STO=4
SNRdB=9.95,TXPdB=0
packet_number=40,correct=False,payload=[255,127,255,239,247,255,255,255,255,255,255,255,255,255,255,255,255,255,255,255,255,255,255,255,255,255,255,255,255,255,255,255,255,255,255,255,255,255,255,255,255,255,255,255,255,255,255,255,255,255,255,255,255,223,255,255,255,255,255,255,255,255,255,255,255,255,255,255,255,255,255,255,255,255,255,255,255,255,255,255,255,255,255,255,255,255,255,255,255,255,255,255,255,255,255,255,255,255,255,255]
CFO=9120.523108713502,STO=5
SNRdB=9.83,TXPdB=0
packet_number=41,correct=True,payload=[0,1,2,3,4,5,6,7,8,9,10,11,12,13,14,15,16,17,18,19,20,21,22,23,24,25,26,27,28,29,30,31,32,33,34,35,36,37,38,39,40,41,42,43,44,45,46,47,48,49,50,51,52,53,54,55,56,57,58,59,60,61,62,63,64,65,66,67,68,69,70,71,72,73,74,75,76,77,78,79,80,81,82,83,84,85,86,87,88,89,90,91,92,93,94,95,96,97,98,99]
CFO=-11733.842976088805,STO=4
SNRdB=10.01,TXPdB=0
packet_number=42,correct=False,payload=[207,223,255,223,255,255,255,255,255,255,255,255,255,255,255,255,255,255,255,255,255,255,255,255,255,255,255,255,255,255,255,255,255,255,255,255,255,255,255,255,255,255,255,255,255,255,255,255,255,255,255,255,255,255,255,255,255,251,255,255,255,255,255,255,255,255,255,255,255,255,255,255,255,255,255,255,255,255,255,255,255,255,255,255,255,255,255,255,255,255,255,255,255,255,255,255,255,255,255,255]
CFO=-10766.869830881871,STO=0
SNRdB=9.98,TXPdB=0
packet_number=43,correct=False,payload=[255,252,255,223,249,255,188,255,255,255,255,255,255,255,255,255,255,255,255,255,255,255,255,255,255,255,255,255,255,255,255,255,255,255,255,255,255,255,255,255,255,255,255,255,255,255,255,255,255,255,255,255,255,255,255,255,255,255,255,255,255,255,255,255,255,255,255,255,255,255,255,255,255,255,255,255,255,255,255,255,255,255,255,255,255,255,255,255,255,255,255,255,255,255,255,255,255,255,255,255]
CFO=-8575.086401456769,STO=4
SNRdB=10.11,TXPdB=0
packet_number=44,correct=False,payload=[239,239,255,143,255,255,191,255,223,255,223,255,255,255,255,255,255,255,255,254,255,255,255,223,255,255,255,255,255,255,255,255,255,255,255,253,255,255,255,191,255,255,255,255,255,255,255,255,255,255,189,253,255,255,251,255,255,255,255,255,255,255,255,255,255,255,255,255,255,255,255,251,255,255,255,255,255,255,255,255,255,255,255,239,255,255,255,127,255,255,255,255,255,255,255,255,255,255,255,255]
CFO=-10413.161555509414,STO=4
SNRdB=9.68,TXPdB=0
packet_number=45,correct=False,payload=[255,127,191,255,255,255,255,255,255,255,255,255,255,255,255,255,255,255,255,255,255,255,255,255,255,255,255,255,255,255,255,255,255,255,255,251,255,255,255,255,255,255,255,255,255,255,255,255,255,255,255,255,255,255,255,255,255,255,255,255,255,255,255,255,255,255,255,253,255,255,255,255,255,255,255,255,255,255,255,223,255,255,255,253,255,255,255,255,255,255,255,255,255,255,255,255,255,255,255,255]
CFO=-3133.459976086084,STO=3
SNRdB=9.83,TXPdB=0
packet_number=46,correct=False,payload=[255,229,169,48,239,97,135,176,225,241,133,253,107,255,203,249,233,255,3,58,123,115,195,251,227,251,35,183,227,251,227,243,231,231,46,54,230,116,230,246,228,255,239,61,237,231,199,245,245,255,143,39,222,119,134,167,247,231,7,103,95,231,255,247,223,252,60,123,108,108,200,252,237,253,143,61,109,249,141,233,205,255,14,62,207,127,207,251,239,255,143,191,223,255,203,255,239,238,13,126]
CFO=-8194.77670659079,STO=6
SNRdB=9.97,TXPdB=0
packet_number=47,correct=False,payload=[245,255,54,123,255,247,255,255,255,255,255,255,255,255,255,255,255,255,255,255,255,255,255,255,255,255,255,255,255,255,255,255,255,255,255,255,255,255,255,255,255,255,255,255,127,255,255,255,255,255,255,255,255,255,191,255,255,255,255,255,255,255,255,255,255,255,255,255,255,255,255,255,255,255,255,255,255,255,255,255,255,255,255,255,255,255,255,255,255,255,255,255,254,255,255,255,255,255,255,255]
CFO=-8820.341711028126,STO=3
SNRdB=10.01,TXPdB=0
packet_number=48,correct=False,payload=[255,127,255,255,127,255,191,239,255,255,255,255,255,255,255,255,255,255,255,255,255,255,255,255,251,255,255,255,255,255,255,255,255,255,255,255,255,255,255,255,255,127,255,255,255,255,255,255,255,255,255,255,255,255,255,255,255,255,255,255,255,255,255,255,255,255,255,255,255,255,255,255,255,255,255,255,255,255,255,255,255,255,255,255,255,255,255,255,255,255,255,255,255,255,255,255,255,255,255,255]
CFO=-11094.43686175743,STO=1
SNRdB=9.30,TXPdB=0
packet_number=49,correct=False,payload=[191,255,191,255,127,127,255,255,255,255,255,255,255,255,255,255,255,255,255,255,255,255,255,255,255,255,255,255,255,255,255,255,255,255,255,255,255,255,255,255,255,127,255,255,255,255,255,255,255,255,255,255,255,255,255,255,255,255,255,255,255,255,255,255,255,255,255,255,255,255,255,255,255,255,255,255,255,255,255,255,255,255,255,255,255,255,255,255,255,255,255,255,255,255,255,255,255,255,255,255]
CFO=-9965.062524328261,STO=7
SNRdB=9.68,TXPdB=0
packet_number=50,correct=False,payload=[255,239,255,255,255,127,255,255,255,255,255,255,255,255,255,255,255,255,255,255,255,255,255,255,255,255,255,255,255,255,255,255,255,255,255,255,255,255,255,255,255,255,255,255,255,255,255,255,255,255,255,255,255,255,255,255,255,255,255,255,255,255,223,255,255,255,255,255,255,255,255,255,255,255,255,255,255,255,255,255,255,255,255,255,255,255,255,255,255,255,255,255,255,255,255,255,255,255,251,255]
CFO=4996.275007439707,STO=1
SNRdB=9.82,TXPdB=0
packet_number=51,correct=False,payload=[0,1,2,3,4,5,6,7,8,9,10,11,12,13,14,15,16,17,18,19,20,21,22,23,24,25,26,59,28,29,30,31,32,33,34,35,36,37,38,39,40,41,42,43,44,45,46,47,48,49,50,51,52,53,54,55,56,57,58,59,60,61,62,63,64,65,66,67,68,69,70,71,72,73,74,75,76,77,78,79,80,81,82,83,84,85,86,87,88,89,90,91,92,93,94,95,96,97,98,99]
CFO=5483.238583797267,STO=7
SNRdB=10.25,TXPdB=0
packet_number=52,correct=True,payload=[0,1,2,3,4,5,6,7,8,9,10,11,12,13,14,15,16,17,18,19,20,21,22,23,24,25,26,27,28,29,30,31,32,33,34,35,36,37,38,39,40,41,42,43,44,45,46,47,48,49,50,51,52,53,54,55,56,57,58,59,60,61,62,63,64,65,66,67,68,69,70,71,72,73,74,75,76,77,78,79,80,81,82,83,84,85,86,87,88,89,90,91,92,93,94,95,96,97,98,99]
CFO=-9165.165031540986,STO=5
SNRdB=9.92,TXPdB=0
packet_number=53,correct=False,payload=[255,252,251,255,249,255,255,255,254,255,255,255,255,255,255,255,255,255,255,223,255,255,255,255,255,255,255,255,255,255,255,255,255,255,255,255,191,255,255,255,255,255,255,255,255,255,255,255,255,255,255,255,255,255,255,255,255,255,255,255,255,255,255,255,255,255,255,255,255,255,255,255,255,255,255,255,255,255,255,255,255,255,255,255,255,255,255,254,247,255,255,255,255,255,255,255,255,255,255,255]
CFO=11639.893923213363,STO=3
SNRdB=9.76,TXPdB=0
packet_number=54,correct=True,payload=[0,1,2,3,4,5,6,7,8,9,10,11,12,13,14,15,16,17,18,19,20,21,22,23,24,25,26,27,28,29,30,31,32,33,34,35,36,37,38,39,40,41,42,43,44,45,46,47,48,49,50,51,52,53,54,55,56,57,58,59,60,61,62,63,64,65,66,67,68,69,70,71,72,73,74,75,76,77,78,79,80,81,82,83,84,85,86,87,88,89,90,91,92,93,94,95,96,97,98,99]
CFO=-9085.100419466286,STO=1
SNRdB=10.13,TXPdB=0
CFO=-8376.071639576228,STO=3
SNRdB=9.89,TXPdB=0
packet_number=55,correct=False,payload=[253,255,255,251,255,247,255,191,255,255,255,255,255,255,255,255,255,255,255,255,255,255,255,255,255,255,255,255,255,255,255,191,255,255,255,255,255,255,255,255,255,255,255,255,255,255,255,255,255,255,255,191,255,255,255,255,255,255,255,255,255,255,255,255,255,255,239,255,255,255,255,255,255,255,255,255,255,255,255,255,255,255,255,255,254,255,255,255,255,255,255,255,255,255,255,255,255,255,255,255]
CFO=-8752.705367450766,STO=2
SNRdB=9.94,TXPdB=0
packet_number=56,correct=False,payload=[253,115,254,249,255,255,255,255,255,255,247,255,255,255,255,255,255,255,255,255,255,255,255,255,255,255,255,255,255,255,255,255,255,255,255,255,255,255,255,255,255,247,255,255,255,255,255,255,255,255,255,255,255,255,255,255,255,247,127,255,255,247,255,255,255,255,255,255,255,255,255,255,255,239,127,255,255,255,255,255,255,255,255,255,255,255,255,255,255,255,255,255,255,255,255,255,255,255,255,249]
CFO=-8822.460114971153,STO=3
SNRdB=9.90,TXPdB=0
CFO=-11381.392221835857,STO=7
packet_number=57,correct=False,payload=[239,247,253,251,175,255,223,254,255,255,255,255,255,255,255,255,255,255,255,255,255,255,255,255,255,254,255,255,255,255,255,255,255,255,255,255,255,255,255,255,255,255,255,255,255,255,253,255,255,255,255,255,255,255,255,255,255,255,255,255,255,255,255,255,255,255,255,255,255,255,255,255,255,255,255,255,255,255,255,255,255,255,255,255,255,255,255,255,255,255,255,255,255,255,255,255,255,255,255,255]
SNRdB=9.80,TXPdB=0
packet_number=58,correct=False,payload=[255,253,255,255,247,255,127,255,255,255,255,255,239,255,255,255,255,255,255,255,255,255,255,255,255,255,127,255,255,255,255,255,255,255,255,255,255,255,255,255,255,255,255,255,255,255,255,255,255,255,255,255,255,255,255,255,255,255,255,255,255,255,255,255,255,255,255,255,255,255,255,255,255,255,255,255,255,255,255,255,255,255,255,255,255,255,255,255,255,255,255,255,255,255,255,255,255,255,255,255]
CFO=8247.448639674165,STO=6
SNRdB=10.04,TXPdB=0
packet_number=59,correct=False,payload=[253,255,255,255,255,255,255,253,255,255,255,255,255,255,255,255,255,255,255,255,255,255,255,255,255,255,255,255,255,255,255,255,255,255,255,255,255,255,255,255,255,255,255,255,255,255,255,255,255,255,255,255,255,255,255,255,255,255,255,255,255,255,255,255,255,255,255,255,255,255,255,255,255,255,255,255,255,255,255,255,255,255,255,255,255,255,255,255,255,255,255,255,255,255,255,255,255,255,255,255]
CFO=-12029.486256238435,STO=4
SNRdB=9.70,TXPdB=0
packet_number=60,correct=False,payload=[0,1,4,7,0,1,6,7,8,9,10,11,12,13,30,15,16,17,18,19,28,21,22,23,24,25,26,27,28,29,30,31,32,33,38,35,36,100,38,39,40,41,42,43,44,45,46,47,48,49,48,51,52,61,54,39,56,57,58,59,60,125,60,63,64,65,66,67,68,69,70,71,72,73,78,75,76,77,76,79,80,81,0,83,84,85,86,87,120,89,90,95,92,89,94,95,224,97,230,99]
CFO=-10292.301852056538,STO=7
SNRdB=9.37,TXPdB=0
packet_number=61,correct=False,payload=[255,223,237,255,255,255,255,255,255,255,255,255,255,255,255,255,255,255,255,255,255,255,255,255,255,255,253,255,255,255,255,255,255,255,255,255,255,255,255,255,255,255,255,255,255,255,255,255,255,255,255,255,255,255,255,255,255,255,255,255,255,255,255,255,255,255,255,255,255,255,255,255,255,255,255,255,255,255,255,255,255,255,255,255,255,255,255,255,255,255,255,255,255,255,255,255,255,255,255,255]
CFO=8464.63562875283,STO=5
SNRdB=9.95,TXPdB=0
packet_number=62,correct=False,payload=[247,255,126,255,251,255,255,255,255,255,255,254,239,255,255,255,255,255,255,255,255,255,255,255,255,255,255,255,255,255,255,255,255,255,255,255,255,255,255,255,255,255,255,255,255,255,255,255,255,255,255,255,255,255,255,255,255,255,255,255,255,255,255,255,255,255,255,255,255,255,255,255,255,255,255,255,255,255,255,255,255,255,255,255,255,255,255,255,255,255,255,255,255,255,255,255,255,255,255,255]
CFO=-10306.340198056772,STO=2
SNRdB=10.01,TXPdB=0
packet_number=63,correct=False,payload=[0,1,2,3,4,5,6,7,8,9,10,11,12,13,14,15,16,17,18,19,20,21,22,23,24,25,26,27,28,29,30,31,32,33,34,35,32,37,38,39,40,41,42,43,44,45,46,47,48,49,50,51,52,53,54,55,56,57,58,59,60,61,62,63,64,65,66,67,68,69,70,71,72,73,74,75,76,77,78,79,80,81,82,83,84,85,86,87,88,89,90,91,92,93,94,95,96,97,98,99]
CFO=11267.70492745651,STO=4
SNRdB=9.87,TXPdB=0
packet_number=64,correct=False,payload=[247,251,255,255,255,255,255,255,255,255,255,255,255,255,255,255,255,255,255,255,255,255,255,255,255,255,255,255,255,255,255,255,255,255,255,255,255,255,255,255,255,255,255,255,255,255,255,255,255,255,255,255,255,255,255,255,255,255,255,255,255,255,255,255,255,255,255,255,255,255,255,255,255,255,255,255,255,255,255,255,255,255,255,255,255,255,255,255,255,255,255,255,255,255,255,255,255,255,255,255]
CFO=-10703.11859641721,STO=6
SNRdB=9.68,TXPdB=0
packet_number=65,correct=True,payload=[0,1,2,3,4,5,6,7,8,9,10,11,12,13,12,15,16,17,18,19,20,21,22,23,24,25,26,27,28,29,30,31,32,33,34,35,36,37,38,39,40,41,42,43,44,45,46,47,48,49,50,51,52,53,54,55,56,57,58,59,60,61,62,63,64,65,66,67,68,69,70,71,72,73,74,75,76,77,78,79,80,81,82,83,84,85,86,87,88,89,90,91,92,93,30,95,96,97,98,99]
CFO=4048.731499138703,STO=0
SNRdB=10.19,TXPdB=0
packet_number=66,correct=False,payload=[251,251,191,255,255,255,255,255,255,255,255,255,255,255,255,255,255,247,255,255,255,255,255,255,255,255,255,255,255,255,255,255,255,239,255,255,255,255,255,255,255,255,255,255,255,255,255,255,255,255,255,255,255,255,255,255,255,255,255,255,255,255,255,255,255,255,255,255,255,255,255,255,255,255,255,255,255,255,255,255,255,255,255,255,255,255,255,255,255,255,255,255,255,255,255,255,255,255,255,255]
CFO=7497.520218990861,STO=1
SNRdB=10.21,TXPdB=0
packet_number=67,correct=False,payload=[0,96,192,225,129,225,193,225,3,99,195,227,131,227,195,230,6,102,198,231,133,231,199,231,7,103,199,231,135,231,199,236,12,108,204,237,141,237,205,235,15,110,207,239,143,239,207,238,14,110,206,239,143,239,206,239,15,111,207,111,143,239,207,248,24,120,216,249,153,249,217,251,27,123,219,235,155,251,219,254,30,126,222,255,159,127,223,239,31,127,223,255,159,255,223,252,28,124,220,248]
packet_number=68,correct=True,payload=[0,1,2,3,4,5,6,7,8,9,10,11,12,13,14,15,16,17,18,19,20,21,22,23,24,25,26,27,28,29,30,31,32,33,34,35,36,37,38,39,40,41,42,43,44,45,46,47,48,49,50,51,52,53,54,55,56,57,58,59,60,61,62,63,64,65,66,67,68,69,70,71,72,73,74,75,76,77,78,79,80,81,82,83,84,85,86,87,88,89,90,91,92,93,94,95,96,97,98,99]
CFO=-8634.700377268678,STO=4
SNRdB=9.84,TXPdB=0
packet_number=69,correct=False,payload=[207,223,255,255,239,223,127,255,127,255,255,247,255,255,255,255,255,255,255,255,255,255,255,255,255,255,255,255,255,255,255,255,255,255,255,255,255,255,255,255,255,255,255,255,255,255,255,255,255,255,255,255,254,255,255,255,255,255,255,255,255,255,255,255,255,255,255,255,247,255,255,255,255,255,255,255,255,255,255,255,255,255,255,255,255,255,255,255,255,255,255,255,255,255,255,255,255,255,255,255]
CFO=-9562.599488422518,STO=0
SNRdB=9.65,TXPdB=0
packet_number=70,correct=False,payload=[255,255,255,223,255,255,255,255,255,255,255,255,247,255,255,255,255,255,255,255,255,223,255,255,255,255,255,255,255,255,255,255,255,255,255,255,255,223,255,255,255,255,255,255,255,255,255,255,255,255,255,255,238,255,255,255,255,255,255,255,127,255,255,255,255,255,255,255,255,255,255,255,255,255,255,255,255,255,255,255,255,255,255,255,254,255,255,255,255,255,255,255,255,255,255,255,255,255,255,255]
CFO=7488.839163275607,STO=6
SNRdB=9.67,TXPdB=0
packet_number=71,correct=True,payload=[0,1,2,3,4,5,6,7,8,9,10,11,12,13,14,15,16,17,18,19,20,21,22,23,24,25,26,27,28,29,30,31,32,33,34,35,36,37,38,39,40,41,42,43,44,45,46,47,48,49,50,51,52,53,54,55,56,57,58,59,60,61,62,63,64,65,66,67,68,69,70,71,72,73,74,75,76,77,78,79,80,81,82,83,84,85,86,87,88,89,90,91,92,93,94,95,96,97,98,99]
CFO=10758.23449415337,STO=5
SNRdB=9.94,TXPdB=0
packet_number=72,correct=True,payload=[0,1,2,3,4,5,6,7,8,9,10,11,12,13,14,15,16,17,18,19,20,21,22,23,24,25,26,27,28,29,30,31,32,33,34,35,36,37,38,39,40,41,42,43,44,45,46,47,48,49,50,51,52,53,54,55,56,57,58,59,60,61,62,63,64,65,66,67,68,69,70,71,72,73,74,75,76,77,78,79,80,81,82,83,84,85,86,87,88,89,90,91,92,93,94,95,96,97,98,99]
CFO=-10622.52619463533,STO=2
SNRdB=9.22,TXPdB=0
packet_number=73,correct=False,payload=[255,239,255,223,191,255,191,255,239,255,255,255,255,255,255,255,255,255,255,255,255,255,255,255,255,255,255,255,255,255,255,255,255,255,255,255,255,255,255,255,255,255,255,255,255,255,255,255,255,255,255,255,255,255,255,255,255,255,255,255,255,255,255,255,255,255,255,255,255,255,255,254,255,255,255,255,255,255,255,255,255,255,255,255,255,255,255,255,255,255,255,255,255,255,255,255,255,255,255,255]
CFO=-8009.7655211993,STO=0
SNRdB=9.91,TXPdB=0
CFO=-8686.89768049563,STO=5
SNRdB=10.05,TXPdB=0
packet_number=74,correct=False,payload=[207,223,255,255,231,183,127,207,127,231,255,255,239,255,255,255,255,255,255,255,255,239,255,255,255,255,255,255,255,255,255,255,255,255,255,255,255,249,255,255,255,255,255,255,255,255,255,255,255,255,255,255,255,255,255,255,255,255,255,255,255,255,255,255,255,255,255,255,255,253,255,251,255,255,255,255,255,255,255,191,255,255,255,255,255,255,255,255,255,255,255,255,255,255,255,255,254,191,255,255]
CFO=4610.437215063775,STO=2
SNRdB=9.93,TXPdB=0
packet_number=75,correct=False,payload=[191,191,255,191,255,255,63,255,159,255,223,255,255,255,255,255,255,127,255,255,255,255,255,255,255,255,255,255,254,127,255,255,255,255,255,255,255,255,255,255,255,255,255,255,127,255,255,255,255,255,255,255,255,255,255,255,255,255,255,255,254,255,255,255,255,255,255,255,255,255,255,255,255,255,255,255,255,223,255,255,255,127,255,255,255,255,255,255,255,255,255,255,255,255,255,255,255,255,255,255]
packet_number=76,correct=False,payload=[0,24,48,56,96,120,112,122,64,216,240,240,96,248,240,249,128,153,177,185,225,249,241,249,193,217,241,249,225,249,241,251,3,27,51,59,99,123,115,123,195,219,243,209,227,251,243,251,131,27,179,187,227,251,243,249,195,219,243,243,227,251,243,254,6,30,54,62,102,126,118,62,196,222,246,254,230,254,246,255,135,158,183,191,231,255,247,255,199,223,247,255,231,255,247,255,3,31,55,62]
CFO=-11182.137068505703,STO=3
SNRdB=10.01,TXPdB=0
packet_number=77,correct=False,payload=[255,255,255,255,255,255,255,255,255,255,255,255,255,255,255,255,255,255,255,255,255,255,255,255,255,255,255,255,255,255,255,255,255,255,255,255,255,255,255,255,255,255,255,255,255,255,255,255,255,255,255,255,255,255,255,255,255,255,255,255,255,255,255,255,255,255,255,255,255,255,255,255,255,255,255,255,255,255,255,255,255,255,255,255,255,255,255,255,255,255,255,255,255,255,255,255,255,255,255,255]
CFO=875.5896249732538,STO=7
SNRdB=9.91,TXPdB=0
packet_number=78,correct=False,payload=[0,1,2,3,4,5,6,7,8,9,10,11,12,13,14,15,16,19,18,19,20,21,22,23,24,25,26,31,28,61,30,31,32,33,34,35,36,45,38,39,40,41,42,43,44,45,46,47,48,51,50,51,52,53,54,55,56,57,58,59,60,61,62,63,64,65,66,67,196,69,70,71,72,203,74,75,76,77,78,79,80,85,82,83,84,95,86,87,88,89,90,91,92,93,94,95,96,97,98,99]
CFO=-461.5934555577251,STO=4
SNRdB=10.00,TXPdB=0
packet_number=79,correct=False,payload=[16,1,2,3,4,5,6,135,8,9,10,11,12,61,14,15,16,21,18,23,20,21,22,23,24,29,26,91,92,29,62,31,32,33,34,35,36,37,38,39,41,41,42,43,44,45,46,111,114,113,50,51,52,53,55,119,56,121,58,59,60,61,62,191,64,195,74,67,68,69,70,103,72,73,74,75,76,77,78,79,80,81,82,83,84,85,86,87,120,91,90,219,93,93,94,95,224,97,98,99]
CFO=-9214.743924090653,STO=0
SNRdB=9.99,TXPdB=0
CFO=-2074.211507931504,STO=6
SNRdB=9.74,TXPdB=0
packet_number=80,correct=False,payload=[255,125,255,255,239,255,255,255,255,255,255,255,255,255,255,255,255,255,255,255,255,255,255,255,255,255,255,253,255,255,255,255,255,255,255,255,255,255,255,255,255,255,255,251,255,255,255,255,255,255,255,255,255,255,255,255,255,255,255,255,255,255,255,255,255,255,255,255,255,255,255,255,255,255,255,255,255,255,255,255,255,255,255,255,255,255,255,255,255,255,255,255,255,255,255,255,255,255,255,255]
CFO=4494.309232060187,STO=1
SNRdB=9.88,TXPdB=0
CFO=2894.4803122872095,STO=4
SNRdB=10.09,TXPdB=0
packet_number=81,correct=False,payload=[237,117,12,184,28,48,84,26,28,32,36,42,172,48,116,184,124,64,68,73,92,84,212,122,124,97,100,104,237,244,126,248,125,128,132,152,142,144,181,152,157,164,165,168,172,240,180,184,188,201,236,200,204,213,212,217,220,224,228,248,236,240,244,248,253,65,7,43,141,21,85,27,61,33,37,43,61,49,53,59,127,67,79,73,77,119,213,89,125,225,109,105,109,241,117,249,125,129,133,143]
packet_number=82,correct=False,payload=[0,1,2,3,134,5,134,7,8,9,14,11,12,13,14,15,144,25,154,27,28,21,31,23,24,29,30,31,156,29,30,31,32,33,34,51,54,37,166,39,44,41,174,63,60,45,46,47,48,49,186,51,180,53,182,55,60,61,186,59,60,61,62,63,96,65,67,99,100,71,198,71,72,105,74,75,78,77,78,79,88,81,210,83,84,93,86,87,88,89,90,95,92,93,94,127,112,97,226,99]
packet_number=83,correct=False,payload=[0,1,2,3,4,5,6,7,8,9,10,11,12,13,14,79,16,17,18,19,20,21,22,23,24,25,26,27,28,29,30,31,32,33,34,99,36,37,38,39,40,41,42,43,44,45,46,47,48,49,50,51,52,53,54,55,56,57,58,59,60,61,62,63,64,65,66,67,68,69,70,71,72,73,74,75,76,77,78,79,80,81,82,83,84,85,86,87,88,89,90,91,92,93,94,95,96,97,98,99]
