CFO=-1589.195410289429,STO=5
SNRdB=6.04,TXPdB=0
packet_number=1,correct=False,payload=[245,255,114,239,95,127,223,159,255,191,222,63,223,63,176,177,247,123,255,55,183,191,190,253,191,127,190,191,191,255,253,185,187,191,255,127,255,191,252,191,255,127,190,191,191,63,228,117,231,103,230,119,247,127,252,253,255,111,254,127,239,255,252,123,251,251,255,127,255,127,252,125,255,255,255,255,255,255,242,253,247,247,235,184,174,212,184,109,174,199,120,215,64,169,222,162,116,45,66,83]
CFO=-1531.518999264781,STO=5
SNRdB=6.73,TXPdB=0
packet_number=2,correct=False,payload=[254,206,239,123,83,250,123,182,244,237,252,254,224,236,253,253,177,205,189,29,251,189,177,127,243,221,255,219,245,253,121,255,133,205,181,253,177,255,249,255,221,205,247,221,245,249,249,255,170,171,83,62,187,63,58,59,118,206,126,126,242,255,126,255,202,254,255,255,187,191,251,254,195,239,254,255,226,239,250,251,131,143,183,31,91,246,159,147,20,186,171,111,36,159,113,80,124,31,179,119]
CFO=-1782.721467181285,STO=4
SNRdB=7.49,TXPdB=0
packet_number=3,correct=False,payload=[253,220,19,141,238,238,255,223,119,63,91,254,59,255,221,63,191,116,119,106,119,166,255,103,119,125,185,110,255,124,61,110,175,179,123,243,119,116,119,183,127,125,61,59,251,61,127,62,63,232,109,195,87,68,197,70,119,201,251,75,91,109,109,223,79,250,215,115,119,222,215,94,127,122,91,219,95,255,221,127,255,228,251,239,99,215,187,209,3,142,20,111,230,60,50,247,131,245,130,115]
CFO=-898.4298176681725,STO=1
SNRdB=7.01,TXPdB=0
packet_number=4,correct=False,payload=[215,125,222,221,142,210,228,251,6,163,211,103,135,171,215,245,4,38,220,109,196,180,213,239,85,173,109,247,135,167,197,238,23,54,86,238,190,174,206,231,31,103,79,103,151,183,199,234,42,169,72,120,136,232,200,237,155,43,217,123,155,169,219,234,43,107,107,110,170,170,234,239,11,175,91,123,171,171,203,254,13,60,220,253,110,13,155,185,156,182,66,255,122,216,118,173,139,143,122,176]
CFO=-318.86539618396574,STO=4
SNRdB=4.49,TXPdB=0
packet_number=5,correct=False,payload=[126,253,123,126,253,104,227,238,23,178,50,115,106,214,234,123,134,158,179,182,246,218,234,247,167,19,227,179,99,83,111,115,179,155,167,179,195,211,239,254,12,118,46,182,196,125,252,118,132,212,230,254,237,244,230,247,37,29,175,119,197,127,125,253,165,183,229,189,197,215,237,255,175,23,119,124,48,154,25,1,81,220,92,88,88,136,67,29,158,62,127,146,34,69,245,176,219,70,125,123]
CFO=279.7283202845955,STO=0
SNRdB=6.99,TXPdB=0
packet_number=6,correct=False,payload=[136,170,187,182,112,210,113,50,42,49,203,115,99,115,131,147,163,183,195,243,227,244,5,60,36,180,68,84,100,116,164,180,164,180,196,212,244,245,5,21,37,53,77,85,101,245,135,149,181,181,197,213,229,246,70,54,38,124,50,136,99,37,1,188,149,254,101,133,133,126,186,172,22,230,164,18,1,45,48,89,114,242,152,85,74,91,194,53,52,47,233,0,34,135,146,23,141,168,24,131]
CFO=-197.69837624314383,STO=0
SNRdB=6.29,TXPdB=0
packet_number=7,correct=False,payload=[213,150,238,234,223,166,117,78,106,110,238,111,117,114,116,118,120,123,252,126,129,130,149,151,152,155,140,174,212,155,156,150,152,158,157,158,235,166,164,166,250,239,172,190,177,178,180,246,184,186,188,190,192,202,196,199,230,63,90,222,234,39,63,76,42,235,250,173,220,154,117,44,232,104,44,144,80,62,69,245,171,125,177,99,225,158,85,231,53,202,198,91,162,50,214,23,14,191,118,204]
CFO=-1677.6811688125147,STO=0
SNRdB=7.79,TXPdB=0
packet_number=8,correct=False,payload=[245,123,157,47,247,245,255,255,247,135,183,167,255,207,251,247,254,14,124,172,124,108,246,118,247,205,181,173,255,205,244,231,247,207,55,47,125,239,253,239,127,151,189,191,255,223,247,247,255,14,30,110,189,122,152,93,50,163,227,23,251,71,204,73,7,35,62,93,137,129,254,41,72,250,20,45,171,122,196,246,123,45,178,122,59,162,122,244,147,243,117,64,234,227,136,149,181,58,25,157]
CFO=-983.8495232817386,STO=4
SNRdB=7.23,TXPdB=0
packet_number=9,correct=False,payload=[54,143,95,60,157,49,253,127,222,253,254,252,254,225,230,236,238,252,254,252,254,245,246,252,254,249,254,253,255,185,175,221,159,185,159,189,191,177,191,189,191,185,191,253,191,235,247,237,239,249,255,253,255,241,255,253,255,251,255,255,255,229,199,205,223,158,223,198,193,114,194,209,94,241,182,118,71,238,236,171,122,175,123,239,101,222,85,107,65,31,81,66,34,152,101,254,255,86,158,150]
CFO=2583.516601129885,STO=5
SNRdB=7.83,TXPdB=0
packet_number=10,correct=False,payload=[133,195,7,70,135,200,8,72,136,201,9,73,139,202,10,74,138,203,11,75,139,204,12,76,140,221,13,79,141,206,14,206,143,207,15,79,143,208,16,80,144,209,17,81,145,210,18,82,147,211,19,83,147,212,20,84,156,213,29,85,149,214,22,86,150,215,23,87,151,216,24,88,153,240,206,111,110,37,102,234,11,2,92,207,192,26,231,39,39,36,84,28,108,131,174,148,98,37,44,10]
CFO=-198.47635758946657,STO=5
SNRdB=8.58,TXPdB=0
packet_number=11,correct=False,payload=[234,187,121,163,217,156,215,93,223,191,204,28,221,221,223,31,221,191,222,30,223,255,223,31,223,191,240,50,245,177,243,115,83,187,246,126,255,183,247,55,247,183,252,189,253,189,255,63,127,191,254,63,255,191,255,191,255,191,248,120,249,185,241,215,214,33,64,237,120,140,177,11,173,126,45,71,103,195,44,112,218,168,182,58,242,17,254,240,31,225,70,127,177,79,214,242,13,239,212,93]
CFO=1985.826302406881,STO=7
SNRdB=8.02,TXPdB=0
CFO=-806.9955411944866,STO=5
SNRdB=8.89,TXPdB=0
packet_number=12,correct=False,payload=[121,134,152,241,246,24,34,66,98,130,162,226,227,3,35,67,99,131,179,227,244,4,36,68,100,132,230,196,229,5,37,69,101,141,165,199,230,6,39,70,102,134,166,230,231,7,183,71,103,135,231,199,232,8,40,104,120,136,168,200,233,9,41,233,105,141,169,201,234,14,42,74,106,138,170,206,235,11,171,203,107,139,171,203,236,12,44,76,124,114,215,165,168,44,61,95,133,40,54,117]
CFO=1436.7471836724767,STO=5
SNRdB=8.66,TXPdB=0
packet_number=13,correct=False,payload=[162,144,107,207,188,222,231,99,167,195,231,131,235,199,230,5,108,68,237,132,228,197,237,47,231,77,229,205,239,205,230,70,62,207,118,159,166,214,231,23,39,207,239,143,231,215,232,154,104,250,233,159,187,217,249,61,107,79,249,155,187,217,254,154,62,202,238,191,239,218,239,139,107,207,127,223,251,219,252,78,190,222,252,107,102,237,69,67,233,118,131,107,71,51,171,108,224,43,234,74]
CFO=-1400.8901153845695,STO=5
SNRdB=8.45,TXPdB=0
packet_number=14,correct=False,payload=[3,50,26,50,79,226,227,247,131,179,195,243,195,243,227,246,6,54,98,118,198,246,230,247,135,183,231,247,199,247,247,247,7,55,103,119,199,231,231,247,131,183,231,247,199,247,231,252,12,60,108,124,204,252,228,253,141,189,237,253,205,253,237,255,15,63,111,127,207,255,239,255,143,191,239,255,207,255,207,254,14,62,110,124,113,234,219,120,202,171,185,44,244,225,230,170,28,26,144,89]
packet_number=15,correct=False,payload=[186,233,204,140,209,58,165,169,249,185,193,203,213,221,237,233,243,250,90,42,82,30,38,43,58,58,98,90,214,219,98,107,122,250,131,154,146,154,179,170,186,191,218,202,218,254,226,234,242,255,163,79,19,94,29,108,142,23,50,101,222,124,243,218,33,78,193,154,85,221,27,87,97,172,216,147,171,30,221,233,19,76,96,92,25,99,76,251,231,63,12,191,242,202,11,28,218,30,177,215]
CFO=-2001.710214286661,STO=6
SNRdB=7.81,TXPdB=0
packet_number=16,correct=False,payload=[91,183,236,241,255,249,235,221,249,249,241,253,249,251,27,27,115,191,227,123,123,251,231,219,247,251,227,251,243,251,203,187,255,191,255,255,251,251,203,255,255,255,235,251,243,255,86,94,182,127,102,127,118,126,230,223,246,255,238,254,251,255,215,191,183,191,247,255,247,255,215,223,255,255,231,255,247,255,167,31,191,126,188,128,75,127,183,216,171,90,198,18,8,89,239,47,145,207,155,74]
CFO=-1751.683636647156,STO=0
SNRdB=8.29,TXPdB=0
packet_number=17,correct=False,payload=[118,196,253,68,122,254,132,255,39,195,215,234,104,74,136,203,13,109,139,202,171,75,155,239,47,91,187,205,174,78,172,221,95,95,173,238,14,223,174,239,79,207,175,240,91,114,149,213,91,123,153,243,19,114,182,211,87,91,183,212,29,222,214,223,53,215,221,215,86,118,151,215,95,215,223,221,24,88,184,244,199,86,158,97,52,11,230,227,42,101,224,12,155,254,172,223,212,170,83,24]
CFO=998.4083835002988,STO=0
SNRdB=7.93,TXPdB=0
CFO=-626.1591975068142,STO=1
SNRdB=8.02,TXPdB=0
packet_number=18,correct=False,payload=[202,203,105,129,25,12,209,6,240,97,249,193,217,241,249,225,249,241,251,3,27,51,59,99,123,99,123,195,219,243,250,227,251,243,251,131,155,179,187,227,251,243,115,195,219,243,251,227,251,235,254,6,28,54,62,102,126,118,124,214,222,246,254,228,254,246,255,135,159,167,191,229,223,247,255,197,159,247,255,231,255,231,255,7,31,55,62,57,37,136,194,133,127,16,175,68,202,131,0,131]
CFO=-538.1039791887351,STO=1
SNRdB=7.18,TXPdB=0
packet_number=19,correct=False,payload=[125,215,230,221,103,229,189,236,60,207,119,87,182,223,23,153,152,249,185,219,58,223,63,188,62,157,159,159,63,191,31,249,36,185,49,246,34,227,247,174,38,231,189,246,230,167,39,184,104,237,61,174,175,187,59,173,124,173,45,190,46,239,127,184,112,179,57,243,131,254,23,232,187,85,158,136,122,32,40,22,234,217,247,247,209,106,166,251,29,3,40,63,10,43,167,222,107,45,88,69]
CFO=193.94781427741611,STO=0
SNRdB=7.84,TXPdB=0
packet_number=20,correct=False,payload=[178,91,207,23,202,239,85,198,164,44,46,60,59,45,46,48,50,180,182,188,58,124,190,198,194,84,198,72,206,204,78,216,118,116,118,218,91,92,94,224,110,228,231,110,111,126,111,114,122,118,246,124,122,254,127,128,134,132,198,137,138,172,142,180,150,148,150,156,219,156,222,177,170,164,166,168,250,237,174,176,178,188,182,185,187,189,190,212,198,253,231,134,24,140,153,11,123,134,175,221]
CFO=-1874.9989277864343,STO=2
SNRdB=7.80,TXPdB=0
packet_number=21,correct=False,payload=[199,0,212,71,14,131,1,18,147,52,21,22,23,26,25,26,27,28,29,30,31,160,41,34,35,36,37,38,39,40,41,58,43,44,45,46,47,48,49,50,243,53,53,54,55,56,57,58,59,60,61,62,63,64,73,234,67,68,69,71,71,72,73,74,75,76,77,78,79,80,81,82,83,84,85,86,95,88,89,90,91,92,93,222,95,113,97,98,99,195,18,32,33,19,129,249,73,233,128,16]
CFO=368.2676605760714,STO=6
SNRdB=7.06,TXPdB=0
packet_number=22,correct=False,payload=[245,222,174,170,207,189,242,173,124,244,149,184,239,180,220,153,221,170,174,184,189,242,245,187,191,197,204,216,221,219,244,221,252,249,228,251,237,241,253,253,253,165,79,59,189,187,181,153,159,101,237,239,109,57,255,127,189,65,197,89,223,91,255,251,223,233,231,109,125,251,245,253,255,177,205,173,175,28,63,63,55,11,187,239,229,172,55,217,157,110,64,190,20,14,136,212,11,0,241,205]
CFO=1178.1970355404649,STO=2
SNRdB=6.71,TXPdB=0
packet_number=23,correct=False,payload=[215,6,53,8,165,6,246,230,243,135,183,231,247,199,215,237,247,7,55,103,115,199,247,231,247,135,183,231,247,215,255,231,252,12,60,109,124,204,220,237,253,141,189,237,255,221,253,236,251,79,63,111,126,207,255,239,255,143,191,175,255,207,239,239,254,14,62,110,124,112,10,228,20,90,133,177,100,32,247,49,5,174,208,29,2,144,104,90,166,238,55,55,237,111,200,114,181,35,143,200]
CFO=-1052.4641167839725,STO=1
SNRdB=7.59,TXPdB=0
packet_number=24,correct=False,payload=[128,198,89,1,17,4,113,12,89,97,112,129,129,163,177,193,209,225,242,2,18,34,50,194,82,98,114,130,146,162,178,194,210,226,243,3,19,35,51,67,83,99,115,131,147,163,179,195,211,227,244,4,20,36,52,100,84,100,116,132,148,180,180,204,212,228,245,5,21,37,53,69,85,101,117,133,149,165,189,197,213,231,246,6,86,38,60,49,246,103,170,171,69,178,225,84,233,145,181,53]
packet_number=25,correct=False,payload=[253,115,124,250,163,227,123,215,178,255,243,83,179,99,115,135,235,211,238,36,246,76,238,207,244,204,231,175,103,71,101,141,247,231,230,7,183,238,119,198,239,214,239,175,167,79,255,215,191,247,234,31,110,234,252,234,250,220,237,217,61,205,123,207,173,253,254,11,43,75,111,238,170,234,251,219,239,239,127,139,251,223,238,12,62,204,253,113,117,174,111,202,49,82,123,119,12,92,42,102]
CFO=-1143.062760912618,STO=3
SNRdB=7.77,TXPdB=0
packet_number=26,correct=False,payload=[89,139,185,222,177,186,251,125,251,195,249,245,249,233,251,241,255,151,91,183,123,103,255,115,123,195,251,251,251,227,251,243,251,199,155,243,191,239,251,251,123,223,219,243,251,235,247,243,246,142,63,118,190,246,125,124,254,238,222,246,253,230,254,246,255,15,159,63,191,247,255,119,253,199,191,239,255,239,245,247,254,47,159,127,62,252,239,60,236,229,99,37,89,4,75,35,42,152,188,137]
CFO=-1709.8718904105342,STO=1
SNRdB=6.18,TXPdB=0
packet_number=27,correct=False,payload=[87,183,215,119,152,127,174,243,219,215,83,111,203,115,131,163,227,237,36,165,76,124,205,172,236,229,141,39,87,117,133,165,239,230,206,110,230,118,198,230,199,239,47,183,103,111,175,175,247,251,28,106,205,104,168,186,217,235,77,61,93,121,201,191,217,238,155,122,218,106,171,238,218,235,91,107,219,111,219,251,203,236,78,62,92,253,109,134,252,233,70,33,252,134,109,242,156,86,105,102]
CFO=2032.8343690164738,STO=1
SNRdB=7.73,TXPdB=0
CFO=-1869.5872084315142,STO=2
packet_number=28,correct=False,payload=[57,73,130,72,136,195,9,75,155,204,12,76,141,205,15,77,141,206,14,78,142,207,15,79,143,208,16,80,144,209,17,81,177,210,18,114,146,211,19,83,147,212,20,84,148,213,21,85,149,214,22,86,150,215,23,87,151,216,24,88,152,240,202,92,87,103,168,182,102,133,207,55,75,45,153,243,26,128,225,129,166,28,113,88,25,93,112,128,176,6,22,73,129,194,135,201,165,44,79,150]
SNRdB=8.24,TXPdB=0
packet_number=29,correct=False,payload=[205,174,174,190,254,103,243,191,175,191,222,13,141,29,222,79,159,175,154,88,145,217,214,18,179,187,182,95,183,61,182,158,183,151,156,189,157,153,186,186,187,63,156,92,157,29,159,190,159,63,176,116,165,99,178,102,183,163,166,245,165,45,182,102,247,183,173,186,171,187,234,107,191,59,237,60,237,175,175,46,255,63,241,116,177,53,249,222,21,86,201,207,187,203,139,158,41,4,184,177]
CFO=747.0726748421079,STO=6
SNRdB=8.26,TXPdB=0
packet_number=30,correct=False,payload=[16,17,21,199,16,101,22,23,24,25,26,27,28,29,30,31,32,33,34,35,44,165,38,39,40,41,42,43,44,45,46,47,48,49,50,51,52,53,62,55,184,57,58,59,60,61,62,63,64,65,66,67,68,197,70,71,72,73,74,75,76,77,78,79,80,81,82,83,84,85,86,87,88,89,90,91,92,93,94,95,96,97,98,99,195,35,69,173,10,45,143,162,64,93,2,233,16,130,118,81]
CFO=-2013.4546414835968,STO=6
SNRdB=8.08,TXPdB=0
packet_number=31,correct=False,payload=[214,221,237,121,254,249,255,254,245,206,249,254,249,254,252,253,133,159,185,255,251,189,189,253,243,237,251,253,245,253,251,253,165,237,249,223,239,255,253,253,225,237,253,253,249,253,253,250,175,191,27,63,59,63,187,127,99,239,123,127,243,127,255,126,235,207,219,223,251,255,251,255,235,239,251,255,251,255,251,255,203,159,219,191,31,16,93,43,105,110,207,125,58,219,127,104,183,130,65,203]
CFO=820.4914442677006,STO=7
SNRdB=7.62,TXPdB=0
CFO=-1849.9598897701337,STO=4
packet_number=32,correct=False,payload=[138,74,103,76,17,82,83,84,85,86,95,88,121,90,91,92,93,94,95,96,97,98,99,195,13,180,20,24,108,24,245,171,92,116,6,187,200,226,160,0,224,164,109,147,104,174,245,246,215,168,77,176,15,46,141,41,71,216,33,93,227,210,84,137,97,104,93,47,89,147,250,239,60,112,21,20,64,38,3,193,64,60,206,94,165,58,104,145,161,227,12,105,226,189,2,65,213,32,146,100]
SNRdB=8.73,TXPdB=0
packet_number=33,correct=False,payload=[187,159,187,233,126,81,251,255,243,195,243,231,247,211,247,235,246,71,55,118,119,230,246,230,247,151,183,231,255,231,255,247,247,7,55,103,119,239,247,239,247,151,183,247,247,199,247,255,252,253,61,124,124,204,253,236,253,175,191,255,253,237,255,237,255,79,63,111,255,207,255,239,255,143,191,239,255,207,255,255,254,143,62,111,124,114,182,155,253,126,71,15,203,88,27,214,226,121,16,253]
CFO=-3566.55567962874,STO=4
SNRdB=8.57,TXPdB=0
packet_number=34,correct=False,payload=[223,223,191,247,223,127,71,90,211,247,215,103,247,199,223,87,207,183,238,174,205,157,239,127,239,175,239,207,255,207,239,207,239,175,221,29,217,157,219,59,223,251,222,126,223,255,223,127,255,223,255,220,255,157,255,159,255,159,254,159,223,159,255,191,255,191,251,60,241,191,255,179,243,243,246,254,247,191,247,255,247,255,252,127,253,253,255,191,255,191,254,255,255,191,255,191,255,255,251,56]
CFO=-4586.169429472128,STO=4
SNRdB=8.73,TXPdB=0
packet_number=35,correct=False,payload=[253,255,190,247,254,239,115,255,239,242,243,181,241,251,255,223,247,229,247,55,115,231,123,255,255,255,243,227,179,239,247,219,243,251,255,126,182,247,126,214,191,255,255,143,255,231,255,223,255,239,247,239,247,103,247,247,247,239,247,255,183,247,247,207,247,239,252,223,125,255,125,221,254,238,255,221,253,255,255,255,255,237,255,79,191,111,255,255,255,239,255,223,255,255,255,255,255,239,254,254]
CFO=740.7552695851555,STO=7
SNRdB=9.05,TXPdB=0
packet_number=36,correct=False,payload=[187,237,183,51,150,63,143,63,184,57,187,59,190,191,191,63,188,61,191,31,190,63,191,63,224,97,227,99,231,103,231,103,236,109,239,111,239,127,239,111,248,121,251,123,254,127,255,127,252,125,255,127,254,127,255,127,240,113,243,115,227,171,7,192,55,229,223,100,156,171,91,201,191,47,38,4,234,238,178,36,105,217,149,94,74,203,40,83,184,159,105,64,80,114,199,87,223,34,159,231]
CFO=2054.8710417550205,STO=1
SNRdB=8.53,TXPdB=0
packet_number=37,correct=False,payload=[241,14,148,225,100,3,34,66,98,195,162,195,243,3,35,67,227,131,163,195,228,4,36,68,100,132,164,196,229,5,37,69,119,133,165,197,231,6,38,70,102,134,166,198,231,7,39,71,103,135,167,199,232,8,40,72,104,136,184,200,233,13,41,73,105,137,169,205,234,10,42,74,106,202,170,202,235,11,43,75,107,139,171,235,236,12,46,76,120,97,51,139,94,46,20,222,91,225,137,16]
CFO=1071.8337825964684,STO=6
SNRdB=8.85,TXPdB=0
packet_number=38,correct=False,payload=[200,204,48,148,184,188,192,197,201,204,208,212,216,220,224,228,232,236,240,244,248,253,1,5,9,13,17,21,25,29,33,37,41,45,49,53,57,61,65,71,73,77,81,85,89,93,97,101,105,109,113,117,121,125,129,149,137,143,12,43,170,112,91,47,20,8,215,104,77,218,95,90,40,12,97,247,139,101,22,239,68,185,147,18,212,67,24,97,245,102,79,138,6,250,64,88,49,29,67,99]
CFO=-1017.7536141441095,STO=5
SNRdB=8.46,TXPdB=0
packet_number=39,correct=False,payload=[150,199,118,202,220,253,180,252,252,211,214,233,236,248,222,249,221,228,228,249,254,248,255,252,253,17,45,153,173,19,29,155,61,227,101,57,173,49,245,61,61,231,199,93,207,85,245,217,223,101,229,105,253,249,117,251,125,161,205,207,143,45,234,43,235,233,230,167,116,97,130,55,121,219,175,93,184,223,192,218,202,129,4,5,93,233,198,225,85,29,29,196,200,180,247,158,182,39,0,54]
CFO=-2859.6944010995094,STO=2
SNRdB=7.45,TXPdB=0
packet_number=40,correct=False,payload=[221,238,241,182,122,28,117,109,122,127,50,116,124,188,118,205,92,223,81,252,218,254,225,252,233,126,248,126,251,124,169,173,152,237,146,188,191,221,178,253,238,237,177,253,253,188,237,223,254,205,251,212,252,252,235,238,233,238,242,247,251,255,27,117,43,45,187,63,189,125,227,165,41,127,51,61,125,191,69,255,75,221,115,127,217,127,235,111,121,109,115,119,249,255,155,231,219,175,62,154]
CFO=-4395.493553522737,STO=4
SNRdB=8.45,TXPdB=0
packet_number=41,correct=False,payload=[255,255,190,247,251,255,113,255,251,254,247,249,249,235,255,221,245,247,247,215,119,239,255,235,243,247,243,151,179,235,247,219,247,235,255,110,190,247,127,223,255,254,255,223,255,247,255,215,247,239,255,103,119,231,247,215,247,247,247,207,183,231,255,215,255,239,252,207,61,253,125,205,254,254,255,205,253,255,255,223,255,239,255,175,127,255,127,207,255,255,255,255,255,255,255,223,255,239,254,222]
CFO=567.993151833181,STO=0
SNRdB=7.36,TXPdB=0
packet_number=42,correct=False,payload=[97,217,177,177,141,25,221,177,233,249,185,227,201,217,249,225,237,249,250,3,11,18,27,34,43,58,62,66,106,90,90,114,123,114,127,195,142,146,219,162,171,187,254,194,206,219,255,242,238,243,255,131,15,155,31,25,182,84,75,76,243,140,193,3,116,171,181,70,22,217,133,246,170,142,40,247,65,117,20,140,84,106,0,132,212,60,54,149,229,41,157,41,1,216,104,33,95,56,208,241]
CFO=-1981.2317941827569,STO=7
SNRdB=8.00,TXPdB=0
packet_number=43,correct=False,payload=[125,119,95,189,234,125,124,222,127,118,252,127,120,126,252,126,242,198,236,206,252,222,252,222,240,246,253,255,249,255,252,254,228,246,238,239,249,254,252,254,242,247,255,254,250,254,254,253,179,151,237,159,159,157,189,159,181,247,253,255,189,191,189,191,235,247,237,239,251,255,253,255,241,247,253,255,249,255,253,255,213,239,239,239,142,255,120,96,75,134,167,155,23,94,116,246,222,132,46,114]
CFO=-1453.6778251518758,STO=3
SNRdB=7.63,TXPdB=0
packet_number=44,correct=False,payload=[94,187,227,253,119,251,209,249,245,249,225,249,245,251,83,91,187,59,235,123,127,119,203,219,243,251,243,255,250,251,147,159,187,191,251,251,247,251,211,219,243,251,215,251,243,254,134,158,183,62,102,126,118,126,215,254,247,254,231,246,246,253,167,223,183,191,239,255,247,255,199,223,247,255,231,255,247,255,95,191,55,189,59,126,235,250,182,76,125,198,237,54,118,84,173,215,117,91,107,181]
CFO=1588.691540044334,STO=1
SNRdB=6.85,TXPdB=0
packet_number=45,correct=False,payload=[40,64,8,70,40,66,170,48,84,8,0,148,152,176,168,177,184,192,200,208,216,224,232,240,249,161,9,17,25,49,41,49,57,97,73,81,89,97,109,113,121,129,137,145,153,161,169,177,185,193,201,209,217,241,233,249,250,2,10,18,26,34,43,50,58,66,106,82,90,99,106,114,122,130,138,146,158,162,170,178,190,194,234,210,218,242,234,242,251,3,11,19,30,25,118,98,72,28,22,137]
CFO=-772.6381282298441,STO=0
SNRdB=7.20,TXPdB=0
packet_number=46,correct=False,payload=[233,218,39,191,223,189,127,223,31,158,159,159,95,181,49,179,243,182,63,247,119,190,61,191,63,190,127,255,191,184,121,255,59,191,191,191,63,252,61,187,63,191,127,191,63,234,105,195,103,102,231,239,239,205,111,239,127,238,111,255,111,250,125,251,123,254,247,255,127,252,125,251,127,254,223,255,127,240,121,251,243,247,149,88,187,93,190,251,44,239,245,231,94,142,200,240,52,26,32,252]
CFO=345.2961388314977,STO=2
SNRdB=6.22,TXPdB=0
packet_number=47,correct=False,payload=[11,24,26,49,230,148,122,30,30,56,35,164,55,56,234,62,47,56,62,62,118,56,59,62,63,96,67,118,71,72,78,110,78,120,123,124,87,124,94,93,95,112,114,102,119,120,111,110,127,120,114,118,119,124,127,127,127,192,130,148,198,140,143,206,206,220,211,212,158,216,219,158,158,160,227,246,182,237,174,188,190,248,251,254,191,188,254,254,191,192,227,228,199,198,103,10,127,24,0,173]
CFO=1236.3644351739513,STO=3
SNRdB=6.84,TXPdB=0
CFO=-1387.2115443323812,STO=6
SNRdB=7.62,TXPdB=0
packet_number=48,correct=False,payload=[18,115,146,98,112,194,243,131,155,163,179,195,251,115,251,131,211,179,179,227,251,243,254,6,22,52,62,102,119,116,118,198,156,244,252,196,246,246,253,7,157,183,191,101,221,247,253,197,151,229,253,237,247,229,255,6,30,39,190,48,94,86,249,254,221,220,227,145,13,61,136,119,84,255,185,186,223,46,36,127,152,138,168,7,239,206,86,208,180,223,124,37,182,193,194,113,227,2,1,6]
packet_number=49,correct=False,payload=[206,122,255,221,234,245,221,27,215,239,222,29,207,29,207,46,207,175,144,240,153,89,211,22,187,179,215,21,149,95,246,159,151,223,157,189,189,157,219,27,223,223,222,190,221,159,222,191,159,159,180,52,229,177,247,118,183,51,230,53,245,63,183,183,191,183,237,58,237,123,254,107,239,63,239,60,237,191,191,46,191,191,242,52,241,117,249,219,219,4,66,79,58,221,161,169,78,182,39,99]
CFO=-636.3619515809789,STO=0
SNRdB=7.43,TXPdB=0
packet_number=50,correct=False,payload=[60,153,51,41,161,174,237,217,193,155,155,155,167,189,179,185,201,201,209,217,227,235,249,250,194,14,18,26,51,43,50,122,251,202,210,222,99,110,122,122,131,171,154,154,230,250,243,187,199,238,211,218,247,235,251,255,67,11,83,94,189,76,236,142,240,174,183,55,122,98,241,2,146,249,249,226,113,146,14,94,12,177,37,102,139,55,145,181,249,221,32,248,53,213,84,204,247,15,25,247]
CFO=620.5292314280301,STO=7
SNRdB=5.98,TXPdB=0
packet_number=51,correct=False,payload=[75,113,169,104,139,145,25,161,169,177,185,193,201,209,217,225,233,241,254,2,10,18,26,34,170,50,58,66,75,82,90,98,106,114,122,130,154,146,154,162,170,178,186,210,202,210,218,226,238,242,251,35,11,83,30,24,133,72,239,112,192,88,95,6,240,180,218,68,56,169,95,4,227,139,23,128,181,228,192,39,212,205,209,188,18,97,82,9,143,83,138,160,3,236,193,212,242,200,177,192]
CFO=-894.3834202869748,STO=4
SNRdB=7.25,TXPdB=0
CFO=433.76153986419376,STO=3
SNRdB=7.23,TXPdB=0
packet_number=52,correct=False,payload=[171,173,190,255,177,190,253,56,123,253,201,221,221,221,227,253,187,253,225,233,249,221,241,253,249,255,15,30,27,59,54,123,115,62,106,95,250,251,107,111,115,122,219,235,255,254,247,254,255,254,227,238,251,255,227,255,251,255,43,139,91,223,156,144,181,156,211,70,234,166,100,23,99,39,104,124,30,59,22,34,153,124,50,92,150,41,199,157,102,48,45,245,154,172,229,186,251,89,247,72]
CFO=1168.6338881847382,STO=7
SNRdB=8.37,TXPdB=0
packet_number=53,correct=False,payload=[64,232,96,25,67,59,124,81,192,136,208,216,176,236,240,252,224,236,208,220,224,248,248,249,137,9,17,157,33,45,57,189,113,233,113,89,225,121,113,249,193,141,153,153,225,169,249,185,225,201,249,253,225,233,241,250,3,74,27,26,50,46,51,59,98,79,83,91,99,106,114,122,195,138,154,158,162,234,187,186,227,207,219,255,242,234,243,255,3,15,19,158,28,200,60,188,236,212,128,97]
packet_number=54,correct=False,payload=[98,201,139,75,4,76,140,205,13,77,157,206,14,78,142,207,31,79,143,208,16,81,208,209,17,81,145,210,18,82,146,211,27,115,147,212,52,84,148,213,21,85,157,214,22,86,150,215,23,87,151,218,56,88,152,241,204,137,30,225,142,184,123,102,106,221,189,73,225,76,211,51,252,136,50,195,175,238,24,193,119,45,246,174,135,105,189,202,202,137,76,166,147,144,110,74,99,210,38,101]
CFO=-884.0236781187931,STO=1
SNRdB=8.76,TXPdB=0
packet_number=55,correct=False,payload=[180,239,46,121,221,53,183,248,189,200,212,200,205,244,221,216,253,240,229,248,253,241,252,248,255,35,45,91,159,49,127,155,61,99,111,105,47,51,55,57,63,211,95,89,205,121,255,249,95,237,237,233,109,241,245,123,125,169,205,155,159,156,245,75,125,118,88,172,241,126,118,123,187,175,35,109,207,141,104,253,151,182,178,39,110,33,48,210,123,75,231,116,181,231,236,83,30,87,83,83]
CFO=-1458.5040426557728,STO=6
SNRdB=8.72,TXPdB=0
packet_number=56,correct=False,payload=[219,11,187,30,248,219,80,101,103,195,209,229,177,243,245,235,246,82,22,38,54,102,214,242,114,178,179,163,242,202,251,226,243,67,147,111,51,67,115,227,115,147,155,171,179,203,215,231,253,5,117,102,54,70,85,108,117,148,180,164,181,206,245,228,245,13,21,111,53,87,117,109,127,151,149,181,181,197,213,229,254,166,86,38,60,114,69,193,127,193,45,71,197,101,249,27,126,223,42,40]
CFO=-1809.4314768112934,STO=5
SNRdB=8.47,TXPdB=0
packet_number=57,correct=False,payload=[170,254,239,100,213,87,126,249,167,135,189,199,182,214,238,199,47,207,135,202,40,220,200,203,73,109,169,202,203,107,139,207,187,123,171,204,46,108,140,221,31,93,141,206,46,223,142,207,63,79,175,212,92,82,217,247,93,213,209,210,214,118,146,223,147,123,151,212,20,93,150,221,53,85,149,222,118,87,222,215,95,215,151,218,88,125,217,242,193,182,202,178,112,81,250,147,222,213,80,127]
CFO=-1497.4090799706582,STO=1
SNRdB=8.72,TXPdB=0
packet_number=58,correct=False,payload=[245,230,247,239,247,135,55,111,119,199,247,231,247,167,183,231,247,199,255,231,254,174,62,237,124,205,254,237,255,173,255,237,255,221,255,237,255,159,63,111,127,207,255,255,255,143,191,239,255,223,255,255,254,78,63,239,125,240,200,114,231,124,43,174,155,147,108,179,25,196,171,10,74,166,45,110,86,159,249,180,160,87,245,208,141,69,208,108,76,195,95,122,27,252,122,92,26,27,235,228]
CFO=-1963.696732950703,STO=3
SNRdB=8.22,TXPdB=0
packet_number=59,correct=False,payload=[71,210,89,122,241,248,250,243,177,249,225,241,195,249,235,243,87,115,235,119,203,247,251,243,155,183,227,243,211,247,243,255,14,55,102,119,215,255,254,255,135,247,231,247,231,247,239,247,79,55,127,119,215,247,239,247,143,183,231,247,199,251,239,253,44,60,109,125,220,252,237,255,205,189,237,253,205,255,237,255,79,63,111,127,223,255,239,255,223,223,239,255,207,255,239,254,238,190,110,124]
CFO=-1077.6714014230968,STO=6
SNRdB=8.33,TXPdB=0
packet_number=60,correct=False,payload=[99,34,135,250,111,77,60,117,122,188,54,56,58,188,62,194,66,100,86,236,218,236,255,112,86,117,126,120,219,124,254,96,246,108,231,108,126,236,110,242,114,118,118,121,122,252,255,177,130,237,150,136,142,157,158,180,146,180,158,189,158,156,158,225,178,173,166,185,170,175,175,178,250,180,247,249,187,253,254,197,238,230,207,134,235,199,20,115,217,236,251,255,217,194,209,207,142,195,151,243]
CFO=1064.3781016163682,STO=2
SNRdB=7.90,TXPdB=0
packet_number=61,correct=False,payload=[28,241,137,80,97,49,193,153,161,177,193,209,225,242,34,18,34,50,66,82,98,114,130,146,162,179,194,210,226,243,11,19,35,51,67,83,99,115,147,147,163,179,195,211,227,244,4,20,36,52,68,84,100,116,132,148,164,180,196,212,228,245,5,21,37,53,69,85,101,117,197,149,181,181,197,213,229,246,6,22,38,60,50,115,236,175,104,131,135,61,79,194,144,96,152,23,150,100,156,93]
CFO=-1945.1553917795138,STO=5
SNRdB=8.86,TXPdB=0
CFO=-235.52863281731598,STO=5
SNRdB=8.94,TXPdB=0
packet_number=62,correct=False,payload=[119,103,118,172,219,252,125,252,116,127,126,126,120,126,126,126,224,231,220,206,220,222,254,222,242,246,252,255,253,255,254,254,224,238,236,239,253,255,253,254,242,246,252,254,253,254,254,255,131,143,173,223,149,159,189,159,183,183,253,255,185,191,191,191,225,247,237,239,249,255,253,255,241,247,253,255,253,255,253,255,213,239,239,207,206,233,215,102,118,123,71,234,254,214,4,94,190,240,239,150]
packet_number=63,correct=False,payload=[243,251,247,251,135,155,179,187,227,251,247,251,203,219,243,251,227,251,243,254,6,30,182,62,230,126,118,126,230,222,246,255,246,254,254,255,167,159,183,191,231,255,255,255,231,223,247,255,247,255,247,255,79,31,119,63,58,124,21,248,137,91,175,237,149,29,131,113,22,162,209,33,253,175,204,185,51,254,68,149,56,86,198,182,46,36,200,226,88,62,198,161,187,180,205,161,160,233,205,145]
